0 33.2838499546051 26.998275756835938 0.0001953125 0.0 0.0 0.0
300 35.981396198272705 40.284664154052734 0.0357421875 0.0 0.0 0.0
600 38.30894327163696 37.47288513183594 0.0244140625 0.0 0.0 0.0
900 40.66520023345947 36.18796157836914 0.0810546875 0.0 0.0 0.0
1200 42.83943486213684 32.329532623291016 0.0748046875 0.0 0.0 0.0
1500 45.01748275756836 32.40228271484375 0.1302734375 0.0 0.0 0.0
1800 47.08249759674072 28.04432487487793 0.1138671875 0.0 0.0 0.0
2100 49.212974071502686 28.61811637878418 0.18515625 0.0 0.0 0.0
2400 51.45922660827637 23.873458862304688 0.18203125 0.0 0.0 0.0
2700 54.068238258361816 25.071149826049805 0.2314453125 0.0 0.0 0.0
3000 56.65696907043457 23.298002243041992 0.1916015625 0.0 0.0 0.0
3300 58.93005037307739 22.753360748291016 0.266796875 0.0 0.0 0.0
3600 61.247843742370605 19.748830795288086 0.2587890625 0.0 0.0 0.0
3900 63.3816032409668 21.60688018798828 0.2748046875 0.0 0.0 0.0
4200 65.67865633964539 21.378528594970703 0.2330078125 0.0 0.0 0.0
4500 67.96553659439087 20.403532028198242 0.309375 0.0 0.0 0.0
4800 70.20102834701538 19.374771118164062 0.278515625 0.0 0.0 0.0
5100 72.42444276809692 19.770856857299805 0.313671875 0.0 0.0 0.0
5400 74.66946959495544 19.71120834350586 0.241796875 0.0 0.0 0.0
5700 76.91407704353333 19.646909713745117 0.29609375 0.0 0.0 0.0
6000 79.12695574760437 20.85711669921875 0.214453125 0.0 0.0 0.0
6300 81.33433508872986 20.012310028076172 0.2923828125 0.0 0.0 0.0
6600 83.55226564407349 18.917783737182617 0.244140625 0.0 0.0 0.0
6900 85.78669738769531 19.366497039794922 0.29921875 0.0 0.0 0.0
7200 88.02828001976013 18.097148895263672 0.2767578125 0.0 0.0 0.0
7500 90.22868657112122 18.878578186035156 0.304296875 0.0 0.0 0.0
7800 92.4373881816864 18.99285888671875 0.2384765625 0.0 0.0 0.0
8100 94.70537042617798 18.716604232788086 0.312109375 0.0 0.0 0.0
8400 96.98347282409668 17.75836944580078 0.2716796875 0.0 0.0 0.0
8700 99.26640915870667 18.5068359375 0.305078125 0.0 0.0 0.0
9000 101.53865957260132 16.204565048217773 0.32734375 0.0 0.0 0.0
9300 103.80457973480225 18.11428451538086 0.3318359375 0.0 0.0 0.0
9600 106.06298899650574 16.378814697265625 0.3001953125 0.0 0.0 0.0
9900 108.31280827522278 17.689361572265625 0.335546875 0.0 0.0 0.0
10200 110.57327556610107 16.003864288330078 0.3173828125 0.0 0.0 0.0
10500 112.82588124275208 17.41885757446289 0.3423828125 0.0 0.0 0.0
10800 115.07890605926514 15.800475120544434 0.3203125 0.0 0.0 0.0
11100 117.34333562850952 16.76398277282715 0.3560546875 0.0 0.0 0.0
11400 119.61295580863953 14.579129219055176 0.3642578125 0.0 0.0 0.0
11700 121.86873888969421 16.1502742767334 0.375 0.0 0.0 0.0
12000 124.14688801765442 14.550074577331543 0.3689453125 0.0 0.0 0.0
12300 126.42810034751892 15.768180847167969 0.3818359375 0.0 0.0 0.0
12600 128.68257999420166 13.151765823364258 0.4318359375 0.0 0.0 0.0
12900 130.94859766960144 15.137649536132812 0.4 0.0 0.0 0.0
13200 133.2168116569519 12.533865928649902 0.4416015625 0.0 0.0 0.0
13500 135.47471380233765 14.763374328613281 0.4119140625 0.0 0.0 0.0
13800 137.80515313148499 12.318129539489746 0.453125 0.0 0.0 0.0
14100 140.09199333190918 14.188865661621094 0.4291015625 0.0 0.0 0.0
14400 142.35375118255615 11.799870491027832 0.472265625 0.0 0.0 0.0
14700 144.61111307144165 13.57587718963623 0.4572265625 0.0 0.0 0.0
15000 146.8737096786499 11.06702709197998 0.50703125 0.0 0.0 0.0
15300 149.1301929950714 13.031457901000977 0.4650390625 0.0 0.0 0.0
15600 151.39706587791443 10.539018630981445 0.5435546875 0.0 0.0 0.0
15900 153.65923428535461 12.5442533493042 0.4986328125 0.0 0.0 0.0
16200 155.91701984405518 9.746244430541992 0.5880859375 0.0 0.0 0.0
16500 158.19414615631104 12.377060890197754 0.4951171875 0.0 0.0 0.0
16800 160.455491065979 9.768750190734863 0.5833984375 0.0 0.0 0.0
17100 162.77070116996765 11.677679061889648 0.525 0.0 0.0 0.0
17400 165.09007000923157 9.076671600341797 0.6310546875 0.0 0.0 0.0
17700 167.3833463191986 10.805638313293457 0.573828125 0.0 0.0 0.0
18000 169.806480884552 8.50771427154541 0.66953125 0.0 0.0 0.0
18300 172.22961497306824 10.330511093139648 0.598828125 0.0 0.0 0.0
18600 174.65539073944092 8.075007438659668 0.70234375 0.0 0.0 0.0
18900 177.21301651000977 9.67398452758789 0.634765625 0.0 0.0 0.0
19200 179.76913499832153 7.653350353240967 0.73515625 0.0 0.0 0.0
19500 182.2207043170929 9.099764823913574 0.666015625 0.0 0.0 0.0
19800 184.7125599384308 7.207479953765869 0.765625 0.0 0.0 0.0
20100 187.1420087814331 8.79605484008789 0.6826171875 0.0 0.0 0.0
20400 189.52793288230896 6.919795513153076 0.778515625 0.0 0.0 0.0
20700 192.07911348342896 8.187743186950684 0.705078125 0.0 0.0 0.0
21000 194.582946062088 6.479882717132568 0.8095703125 0.0 0.0 0.0
21300 197.11406564712524 7.780564308166504 0.7291015625 0.0 0.0 0.0
21600 199.82903385162354 6.237638473510742 0.8234375 0.0 0.0 0.0
21900 202.28689217567444 7.292430400848389 0.7470703125 0.0 0.0 0.0
22200 204.7461519241333 5.934749126434326 0.8416015625 0.0 0.0 0.0
22500 207.04732084274292 6.836770057678223 0.772265625 0.0 0.0 0.0
22800 209.3712341785431 5.732044696807861 0.847265625 0.0 0.0 0.0
23100 211.73731756210327 6.404518127441406 0.7767578125 0.0 0.0 0.0
23400 214.41675925254822 5.5956711769104 0.8474609375 0.0 0.0 0.0
23700 217.11681628227234 5.975631237030029 0.78515625 0.0 0.0 0.0
24000 219.70887780189514 5.312137126922607 0.85234375 0.0 0.0 0.0
24300 222.0929651260376 5.428346157073975 0.7873046875 0.0 0.0 0.0
24600 224.6134738922119 4.771664142608643 0.8552734375 0.0 0.0 0.0
24900 227.08399772644043 3.7165145874023438 0.787890625 0.0 0.0 0.0
