0 14.804701328277588 18.235767364501953 0.0001953125 0.005619038362056017 0.0033368475269526243 0.009325128979980946
500 21.843267917633057 30.884174346923828 0.0412109375 0.005619038362056017 0.0033368475269526243 0.009325128979980946
1000 28.772340774536133 27.218229293823242 0.0880859375 0.005619038362056017 0.0033368475269526243 0.009325128979980946
1500 35.603795766830444 25.53812026977539 0.119140625 0.005619038362056017 0.0033368475269526243 0.009325128979980946
2000 42.66201901435852 23.795154571533203 0.1484375 0.005619038362056017 0.0033368475269526243 0.009325128979980946
2500 49.46432614326477 23.104785919189453 0.17421875 0.005619038362056017 0.0033368475269526243 0.009325128979980946
3000 56.453078508377075 21.09931755065918 0.2234375 0.005619038362056017 0.0033368475269526243 0.009325128979980946
3500 61.49272680282593 21.33567237854004 0.2171875 0.005619038362056017 0.0033368475269526243 0.009325128979980946
4000 66.97327303886414 20.36515235900879 0.2498046875 0.005619038362056017 0.0033368475269526243 0.009325128979980946
4500 72.45327687263489 20.0321102142334 0.256640625 0.005619038362056017 0.0033368475269526243 0.009325128979980946
5000 77.40523719787598 19.347850799560547 0.2576171875 0.005619038362056017 0.0033368475269526243 0.009325128979980946
5500 82.47117877006531 19.064355850219727 0.272265625 0.009220718406140804 0.00482143322005868 0.019112685695290565
