0 13.75520658493042 22.9146728515625 0.1841796875 0.005392872262746096 0.0030700634233653545 0.008466016501188278
500 19.043639421463013 15.719853401184082 0.4265625 0.01890716515481472 0.008768652565777302 0.02792045846581459
1000 24.216150522232056 15.871637344360352 0.397265625 0.012735296040773392 0.004266814794391394 0.0299332607537508
1500 29.674713850021362 15.490350723266602 0.402734375 0.009276842698454857 0.0019290493801236153 0.03580589219927788
2000 34.970335483551025 14.6979398727417 0.45078125 0.013510048389434814 0.004022054374217987 0.0506870336830616
2500 40.100573778152466 14.790742874145508 0.4416015625 0.0194975808262825 0.005878594238311052 0.0517103485763073
3000 45.16804909706116 14.136082649230957 0.4560546875 0.028558092191815376 0.010251353494822979 0.05517536401748657
3500 50.230323791503906 14.369743347167969 0.455859375 0.037942685186862946 0.012243186123669147 0.070389024913311
4000 55.254313468933105 13.558008193969727 0.4998046875 0.04687855765223503 0.013484545983374119 0.09176433086395264
4500 60.33196187019348 13.347311973571777 0.492578125 0.053509894758462906 0.014661290682852268 0.10507816821336746
5000 65.36452865600586 12.872258186340332 0.5140625 0.060543693602085114 0.0168588999658823 0.12392652034759521
5500 70.34787178039551 12.403220176696777 0.5345703125 0.06943737715482712 0.021680103614926338 0.1426088809967041
6000 75.36422777175903 12.738614082336426 0.5275390625 0.0765506848692894 0.024318497627973557 0.15779416263103485
6500 80.34974670410156 12.48958969116211 0.5396484375 0.08437476307153702 0.02847445383667946 0.1713133454322815
7000 85.36702108383179 12.474531173706055 0.5396484375 0.08922481536865234 0.03164275735616684 0.18475952744483948
7500 90.32971787452698 12.384716987609863 0.5373046875 0.0891336128115654 0.03085119090974331 0.18634751439094543
8000 95.31133151054382 12.51761531829834 0.53984375 0.09418699145317078 0.03316877782344818 0.19827088713645935
8500 100.30392932891846 12.05930233001709 0.5603515625 0.10347682982683182 0.04044763743877411 0.2163514792919159
9000 105.30540227890015 11.745165824890137 0.5642578125 0.11565723270177841 0.04685873165726662 0.23898915946483612
9500 110.3044548034668 12.203903198242188 0.5349609375 0.11996141076087952 0.04958275705575943 0.244951993227005
10000 115.32876801490784 12.065797805786133 0.558984375 0.1254185438156128 0.052123863250017166 0.26235806941986084
10500 120.38196349143982 11.843995094299316 0.5634765625 0.12764030694961548 0.05736484378576279 0.2728327810764313
11000 125.37813997268677 11.90036392211914 0.548046875 0.13335175812244415 0.06047429144382477 0.28906047344207764
11500 130.34506940841675 11.700349807739258 0.5658203125 0.146164670586586 0.06402099132537842 0.31320199370384216
12000 135.33060812950134 11.343926429748535 0.58359375 0.15281745791435242 0.06471122056245804 0.3246046304702759
12500 140.2833867073059 11.602508544921875 0.5744140625 0.15606193244457245 0.06747768819332123 0.3175182342529297
13000 145.28804469108582 11.572991371154785 0.5810546875 0.16670681536197662 0.0728011280298233 0.34191814064979553
13500 150.25245022773743 11.225698471069336 0.5873046875 0.17459465563297272 0.07603888213634491 0.3530391752719879
14000 155.23563981056213 11.638106346130371 0.5798828125 0.18075256049633026 0.07233596593141556 0.37608596682548523
14500 160.22453331947327 12.0957612991333 0.54765625 0.19091373682022095 0.07495167851448059 0.4018429219722748
15000 165.2070450782776 10.811036109924316 0.6125 0.1980012059211731 0.07631409913301468 0.4108354151248932
15500 170.17044377326965 11.258562088012695 0.59140625 0.21010398864746094 0.08185464143753052 0.43089887499809265
16000 175.16048121452332 10.74256420135498 0.62109375 0.21594911813735962 0.08386065810918808 0.4444330334663391
16500 180.16273617744446 11.380820274353027 0.5927734375 0.22040314972400665 0.07974021881818771 0.44562405347824097
17000 185.14701080322266 11.65251636505127 0.575 0.238242506980896 0.08297885209321976 0.48305583000183105
17500 190.09881734848022 11.393248558044434 0.587890625 0.24478405714035034 0.08449851721525192 0.4916161596775055
18000 195.0862934589386 11.221837997436523 0.5958984375 0.25961580872535706 0.09320420771837234 0.5217241048812866
18500 200.02100944519043 10.975638389587402 0.611328125 0.2766350507736206 0.1109597459435463 0.5463602542877197
19000 204.9973349571228 10.814552307128906 0.6109375 0.27719298005104065 0.10240677744150162 0.5469554662704468
19500 209.9594566822052 11.042491912841797 0.6025390625 0.2856963276863098 0.09950339049100876 0.5662676692008972
20000 214.9537913799286 10.695212364196777 0.6228515625 0.29698336124420166 0.10492786765098572 0.578239917755127
20500 219.96077394485474 10.781936645507812 0.6150390625 0.30694344639778137 0.10128465294837952 0.6129372119903564
21000 225.0114860534668 10.14846134185791 0.6525390625 0.3087673485279083 0.10214202851057053 0.6142477989196777
21500 229.98951506614685 9.734825134277344 0.6775390625 0.3116476535797119 0.1039823517203331 0.6181246638298035
22000 234.9650559425354 9.063928604125977 0.7103515625 0.3072155714035034 0.10033441334962845 0.6044560670852661
22500 239.95420598983765 8.876399040222168 0.7271484375 0.28321361541748047 0.09181245416402817 0.5342656373977661
23000 244.96694803237915 8.23619556427002 0.7689453125 0.28118062019348145 0.09303668886423111 0.5428717732429504
23500 249.9267942905426 7.951501369476318 0.773046875 0.2787685692310333 0.09395599365234375 0.5379015803337097
24000 254.92581486701965 7.238465309143066 0.8142578125 0.2706383764743805 0.09168332070112228 0.52313232421875
24500 259.89725160598755 6.97735071182251 0.81875 0.25313612818717957 0.08743966370820999 0.4784451425075531
