datasets/7scenes/office/seq-04/frame-000061.color.png 0.7289097247178675 0.17381906025450558 -0.6269616461585432 -0.21306487685710396 0.6497485041618347 0.6320241093635559 0.26153552532196045 525.0 3953
datasets/7scenes/office/seq-04/frame-000201.color.png 0.8816922868183802 0.1511519535818799 -0.43904199196412685 -0.08374919453659246 0.942074716091156 1.1017918586730957 -0.4147777855396271 525.0 3884
datasets/7scenes/office/seq-04/frame-000481.color.png 0.7486177103906498 0.1899892841520774 0.5968657196149932 0.21731752884965036 -0.6297916769981384 1.062790870666504 -0.29382458329200745 525.0 4021
datasets/7scenes/office/seq-04/frame-000321.color.png 0.9707389284543297 0.2237251346844222 0.05742506250657314 0.06569139281437797 0.5451236367225647 1.476340413093567 -0.8089726567268372 525.0 4042
datasets/7scenes/office/seq-04/frame-000801.color.png 0.9708432246201992 0.23711930925207872 0.024670101566724258 -0.025084905372710513 0.4918842613697052 1.6465531587600708 -1.296919584274292 525.0 4186
datasets/7scenes/office/seq-04/frame-000641.color.png 0.9636184677916617 0.06982282221353497 0.25767072305517075 0.013039191279094572 0.37472301721572876 1.2456448078155518 -1.915157675743103 525.0 3679
datasets/7scenes/office/seq-04/frame-000021.color.png 0.7865645407774658 0.15674968146224597 -0.5771875856236632 -0.15362373369679966 0.7919687628746033 0.30936288833618164 0.5740109086036682 525.0 3626
datasets/7scenes/office/seq-04/frame-000921.color.png 0.9922282734068892 0.12433194407897831 0.003951004303728073 0.0030017825566002547 -0.28778794407844543 0.8457726240158081 -1.0044296979904175 525.0 4204
datasets/7scenes/office/seq-04/frame-000271.color.png 0.9479060343889802 0.19219316463552244 -0.24730789232986838 -0.05809254537114613 1.4663389921188354 1.083553671836853 -0.23457008600234985 525.0 4095
datasets/7scenes/office/seq-04/frame-000361.color.png 0.9175167463807532 0.16570093960938004 0.3187410444652433 0.17061759960991962 -0.6543558239936829 1.3398244380950928 -1.0026100873947144 525.0 3860
datasets/7scenes/office/seq-04/frame-000791.color.png 0.9708848368874083 0.23729005874455078 0.03180725409246065 -0.00802247531723861 0.46332216262817383 1.7000548839569092 -1.3424322605133057 525.0 4051
datasets/7scenes/office/seq-04/frame-000541.color.png 0.8487495623158394 0.22930566865289662 0.4526973948933473 0.14868812813770943 0.01614675298333168 1.6461894512176514 -0.8052433133125305 525.0 3943
datasets/7scenes/office/seq-04/frame-000181.color.png 0.8535779364607401 0.15034307767747285 -0.4917012764075654 -0.08385416007009437 0.8800765872001648 1.1678589582443237 -0.6002168655395508 525.0 3687
datasets/7scenes/office/seq-04/frame-000111.color.png 0.7555050236856348 0.1630801417439925 -0.6108436328148599 -0.17171803284475515 0.6153257489204407 1.1023788452148438 -0.49440255761146545 525.0 3724
datasets/7scenes/office/seq-04/frame-000691.color.png 0.9590980854067479 0.06944874729373009 0.273763215699525 0.019011464917188553 0.003979888278990984 1.2977532148361206 -2.3610827922821045 525.0 3621
datasets/7scenes/office/seq-04/frame-000571.color.png 0.9210177861326224 0.19789812176525748 0.3288451139019378 0.06650911284905164 0.48669299483299255 1.5427045822143555 -0.9725698828697205 525.0 3841
datasets/7scenes/office/seq-04/frame-000291.color.png 0.968537239003084 0.21114644834380114 -0.12929169099768148 -0.025228013299532802 1.3064647912979126 1.278644323348999 -0.5670108795166016 525.0 3853
datasets/7scenes/office/seq-04/frame-000741.color.png 0.9847406843413498 0.15629564476572447 0.0758458190081047 0.010240496530270132 0.6960902810096741 1.5442657470703125 -1.7994816303253174 525.0 3595
datasets/7scenes/office/seq-04/frame-000911.color.png 0.9905602621226643 0.13557761232770613 -0.01759461986057757 -0.009975344152391957 -0.17362084984779358 0.9242345690727234 -1.0237702131271362 525.0 4021
datasets/7scenes/office/seq-04/frame-000491.color.png 0.7563870361386464 0.2091439249944938 0.5782945211731061 0.22296393650198124 -0.5932648777961731 1.1930935382843018 -0.3848176598548889 525.0 4085
datasets/7scenes/office/seq-04/frame-000721.color.png 0.9847379445780579 0.10549811774192337 0.1375593181669859 0.0154519140085376 0.5070104002952576 1.4251888990402222 -2.1089565753936768 525.0 3284
datasets/7scenes/office/seq-04/frame-000261.color.png 0.9418631492823412 0.19087494891858758 -0.27125127558715273 -0.05369643742018107 1.3886362314224243 1.095916748046875 -0.1849929243326187 525.0 3980
datasets/7scenes/office/seq-04/frame-000991.color.png 0.9939630022711029 0.09840623862595729 -0.02565535289020842 -0.04117724109001857 -0.6245637536048889 0.3746171295642853 -1.1346913576126099 525.0 3195
datasets/7scenes/office/seq-04/frame-000351.color.png 0.9347800164796264 0.1953249056914681 0.24967334196436158 0.16030509760863926 -0.39401039481163025 1.4378364086151123 -0.9976385831832886 525.0 4076
datasets/7scenes/office/seq-04/frame-000411.color.png 0.7620256880939493 0.11345611718603794 0.5972668835185274 0.2229727113574144 -1.2228831052780151 0.7208864092826843 -0.0869864821434021 525.0 4124
datasets/7scenes/office/seq-04/frame-000781.color.png 0.9737815650169733 0.22346529591237232 0.042555024208852564 -0.0013398024010593302 0.4742347300052643 1.6903693675994873 -1.4402276277542114 525.0 4041
datasets/7scenes/office/seq-04/frame-000901.color.png 0.9864176765516257 0.1630335034499976 -0.016898626173914022 -0.010708901565816076 -0.12435463815927505 1.0861798524856567 -1.0664724111557007 525.0 4020
datasets/7scenes/office/seq-04/frame-000151.color.png 0.8515120831048959 0.1588583939985983 -0.489821255242993 -0.09882469779729086 0.561698317527771 1.2433561086654663 -0.8512964248657227 525.0 3921
datasets/7scenes/office/seq-04/frame-000831.color.png 0.9701051793972849 0.2367726048818331 -0.030750075971814603 -0.04346386213580968 0.5778977870941162 1.4580638408660889 -0.988761305809021 525.0 3893
datasets/7scenes/office/seq-04/frame-000551.color.png 0.8729857513539803 0.22438123336187799 0.4136240505468696 0.12831245012519077 0.19062219560146332 1.6388336420059204 -0.8758415579795837 525.0 3887
datasets/7scenes/office/seq-04/frame-000811.color.png 0.9723902274447218 0.22980284498319745 0.006301772906569347 -0.04010219028762423 0.5435253977775574 1.5765777826309204 -1.2440143823623657 525.0 3975
datasets/7scenes/office/seq-04/frame-000861.color.png 0.9686452915421491 0.23274677068027225 -0.06796780114770358 -0.05418134289841798 0.4533236622810364 1.3534547090530396 -0.8704206943511963 525.0 4123
datasets/7scenes/office/seq-04/frame-000671.color.png 0.9489516072820846 0.05804425585002483 0.3089975641665589 0.02534199555477864 -0.03688691556453705 1.257040023803711 -2.3032937049865723 525.0 3611
datasets/7scenes/office/seq-04/frame-000311.color.png 0.9742909843210684 0.2209849311813166 0.0035247012511475666 0.04370714521176888 0.7589409351348877 1.4380661249160767 -0.7619504928588867 525.0 4017
datasets/7scenes/office/seq-04/frame-000041.color.png 0.7664515113067131 0.19375052050117147 -0.5835207859660154 -0.18578565328567284 0.8206613659858704 0.5147692561149597 0.3812870979309082 525.0 3810
datasets/7scenes/office/seq-04/frame-000881.color.png 0.9788216757483154 0.20128704166181519 -0.0277523648654629 -0.024929103246380774 0.02737383358180523 1.2575018405914307 -1.0338177680969238 525.0 4133
datasets/7scenes/office/seq-04/frame-000421.color.png 0.7698673841859228 0.1278246308431326 0.5863581720555703 0.21713859302342337 -1.0869660377502441 0.6835206747055054 -0.030805502086877823 525.0 4118
datasets/7scenes/office/seq-04/frame-000171.color.png 0.8487622802452379 0.13970411963710194 -0.5034836981333985 -0.08117583571016268 0.82969731092453 1.1728161573410034 -0.7279006242752075 525.0 3618
datasets/7scenes/office/seq-04/frame-000531.color.png 0.8113575626494094 0.23287348844047173 0.5053062205414013 0.17926089198522938 -0.24208994209766388 1.6122040748596191 -0.6975498795509338 525.0 3845
datasets/7scenes/office/seq-04/frame-000161.color.png 0.8450954977289384 0.1468673761431421 -0.503832268926511 -0.10196380892978792 0.7412487864494324 1.2045066356658936 -0.7891241312026978 525.0 3965
datasets/7scenes/office/seq-04/frame-000301.color.png 0.974139518008903 0.21675994405374338 -0.06339079853584902 0.006995196079282021 1.03842294216156 1.3671481609344482 -0.6817165017127991 525.0 3756
datasets/7scenes/office/seq-04/frame-000891.color.png 0.9821607161628118 0.18630896028227323 -0.015908643643396666 -0.01990512503147365 -0.0832865908741951 1.184070348739624 -1.054848074913025 525.0 4155
datasets/7scenes/office/seq-04/frame-000131.color.png 0.8297503134687734 0.17459511958940976 -0.5192528394117525 -0.106805665939897 0.3830190896987915 1.2583783864974976 -0.820892870426178 525.0 3787
datasets/7scenes/office/seq-04/frame-000631.color.png 0.9662971883814098 0.07680084345803793 0.24564376546362912 0.005524007527657238 0.40079307556152344 1.2674131393432617 -1.7522990703582764 525.0 3581
datasets/7scenes/office/seq-04/frame-000251.color.png 0.9323104281751411 0.1880524803338146 -0.3014977431151541 -0.06732489177602771 1.3338514566421509 1.041460394859314 -0.12093301862478256 525.0 4137
datasets/7scenes/office/seq-04/frame-000341.color.png 0.9537062932125221 0.20996837156295214 0.17458595675366856 0.12600528931135857 -0.025837574154138565 1.476557970046997 -0.9610061049461365 525.0 4104
datasets/7scenes/office/seq-04/frame-000561.color.png 0.8983550114665199 0.2121666347543213 0.3724863592935923 0.09590362146561636 0.3613206148147583 1.592165470123291 -0.9412662386894226 525.0 3990
datasets/7scenes/office/seq-04/frame-000621.color.png 0.9626711081618383 0.09392658232626988 0.25365840946084256 0.009977271809467118 0.3584347069263458 1.2777512073516846 -1.5657211542129517 525.0 3869
datasets/7scenes/office/seq-04/frame-000761.color.png 0.9786889450150015 0.19548334579113089 0.06279357458118281 0.0033432641304670684 0.573533296585083 1.628247618675232 -1.6325654983520508 525.0 4006
datasets/7scenes/office/seq-04/frame-000191.color.png 0.8671663256693182 0.15624170352573188 -0.46459299236346846 -0.08811608906045174 0.9278853535652161 1.1287280321121216 -0.4865584969520569 525.0 3676
datasets/7scenes/office/seq-04/frame-000211.color.png 0.8886291660438239 0.1592946366590182 -0.42250751813466597 -0.0803170038510796 0.9975675940513611 1.0645723342895508 -0.30337777733802795 525.0 3830
datasets/7scenes/office/seq-04/frame-000381.color.png 0.8297907450358181 0.12491645215724378 0.49595670831177435 0.22331623970033748 -1.296063780784607 0.9452868700027466 -0.5482471585273743 525.0 3802
datasets/7scenes/office/seq-04/frame-000971.color.png 0.9953650774424557 0.09434205751447668 -0.011801205724791035 -0.014445426104836711 -0.5840664505958557 0.4606567621231079 -1.0878921747207642 525.0 3631
datasets/7scenes/office/seq-04/frame-000651.color.png 0.9563936197299836 0.07000218854994704 0.2828680933401556 0.019914304107906476 0.2352672517299652 1.2293757200241089 -2.0689845085144043 525.0 3751
datasets/7scenes/office/seq-04/frame-000081.color.png 0.7118175509405094 0.16928621506200914 -0.6443739938196553 -0.22235131583136936 0.575635552406311 0.7954742908477783 0.01775301992893219 525.0 3873
datasets/7scenes/office/seq-04/frame-000581.color.png 0.9345513961123586 0.17969626891912477 0.30403324883227634 0.04343641980502344 0.5217525362968445 1.4862806797027588 -1.0340150594711304 525.0 3763
datasets/7scenes/office/seq-04/frame-000221.color.png 0.8932771071231177 0.17283345952873333 -0.4043606749967818 -0.09315068262353728 1.0935606956481934 1.0388869047164917 -0.1867043524980545 525.0 3891
datasets/7scenes/office/seq-04/frame-000871.color.png 0.9739956061527067 0.21659437059309963 -0.05194539097605424 -0.041486313151991534 0.24431949853897095 1.3187060356140137 -0.9615786671638489 525.0 4165
datasets/7scenes/office/seq-04/frame-000681.color.png 0.9511925690462124 0.05992293840750663 0.3014896180620914 0.02731205310207988 -0.07465337216854095 1.2706066370010376 -2.355470657348633 525.0 3582
datasets/7scenes/office/seq-04/frame-000331.color.png 0.9639714876964358 0.21889778800090423 0.11560244799950824 0.09735914611967623 0.2672048807144165 1.4900401830673218 -0.8814211487770081 525.0 4062
datasets/7scenes/office/seq-04/frame-000851.color.png 0.9668297151040955 0.239491527086812 -0.06914546221145822 -0.0557047170437482 0.5631637573242188 1.3670296669006348 -0.8435148000717163 525.0 4227
datasets/7scenes/office/seq-04/frame-000521.color.png 0.7799189003865001 0.23263496688812801 0.5393284368441437 0.21617659034253578 -0.4384854733943939 1.5508499145507812 -0.5653954148292542 525.0 3946
datasets/7scenes/office/seq-04/frame-000751.color.png 0.9808944021493642 0.1814312923265654 0.06952119473798439 0.009780668635482168 0.6421123147010803 1.6089540719985962 -1.7012864351272583 525.0 4009
datasets/7scenes/office/seq-04/frame-000701.color.png 0.9709569490221903 0.07358642417287503 0.2270772843422213 0.016234169480802363 0.17472770810127258 1.310647964477539 -2.3278985023498535 525.0 3542
datasets/7scenes/office/seq-04/frame-000961.color.png 0.9957770408959759 0.0912048954386901 0.0103750569976224 0.0014526061984435775 -0.5999660491943359 0.5071814060211182 -1.053702712059021 525.0 3750
datasets/7scenes/office/seq-04/frame-000071.color.png 0.7206788511187153 0.17290784371580975 -0.6337539191107802 -0.22154196248901556 0.5836513042449951 0.6827059984207153 0.15406565368175507 525.0 3925
datasets/7scenes/office/seq-04/frame-000471.color.png 0.7359006315263565 0.1801520064223869 0.6131005858724713 0.22383741131439677 -0.7018869519233704 0.911566436290741 -0.18701839447021484 525.0 3840
datasets/7scenes/office/seq-04/frame-000051.color.png 0.7518691437037298 0.1850069756321211 -0.6025752109010586 -0.1933088847446501 0.7392891049385071 0.5839542150497437 0.3070916533470154 525.0 3735
datasets/7scenes/office/seq-04/frame-000941.color.png 0.9953659332336702 0.08479127660261473 0.04363213531185287 0.01238285662081841 -0.556281328201294 0.6250420212745667 -1.0188848972320557 525.0 3950
datasets/7scenes/office/seq-04/frame-000141.color.png 0.8550039244884903 0.16905865228832168 -0.48196393979537044 -0.08999012130595709 0.35067129135131836 1.2440170049667358 -0.8886675238609314 525.0 3729
datasets/7scenes/office/seq-04/frame-000931.color.png 0.994519933840568 0.09889576119786013 0.029897173787483442 0.015996518695296766 -0.44823935627937317 0.7389305233955383 -1.0238964557647705 525.0 4086
datasets/7scenes/office/seq-04/frame-000121.color.png 0.7884389969470413 0.16808483725063558 -0.5740041949245228 -0.14363363042345328 0.5149152874946594 1.1821346282958984 -0.6704354882240295 525.0 3697
datasets/7scenes/office/seq-04/frame-000091.color.png 0.7144143773391519 0.15957466036581683 -0.6493996840551849 -0.2059807650468166 0.5995290279388428 0.9031334519386292 -0.1652141660451889 525.0 3753
datasets/7scenes/office/seq-04/frame-000841.color.png 0.9669635744225681 0.2457234868210457 -0.050103990743124736 -0.04572749584277397 0.5734094977378845 1.4204392433166504 -0.8832589983940125 525.0 4014
datasets/7scenes/office/seq-04/frame-000391.color.png 0.7960870573654363 0.12089762638219496 0.5460304049489058 0.2312573412926077 -1.3670287132263184 0.8411648273468018 -0.3046216368675232 525.0 3982
datasets/7scenes/office/seq-04/frame-000771.color.png 0.977321907249355 0.20467569068263503 0.05430549874998378 -0.0008148985120427296 0.5260986685752869 1.6481939554214478 -1.5585098266601562 525.0 3929
datasets/7scenes/office/seq-04/frame-000461.color.png 0.7158037865741079 0.17615859603611594 0.6310155286593057 0.24168676165559874 -0.8000226020812988 0.7413963079452515 -0.030794352293014526 525.0 3621
datasets/7scenes/office/seq-04/frame-000591.color.png 0.9464025276242745 0.1492855452947437 0.2850539284031735 0.027934558782159183 0.4547555148601532 1.4261311292648315 -1.1235036849975586 525.0 3724
datasets/7scenes/office/seq-04/frame-000031.color.png 0.772602969338906 0.20138778027461102 -0.5758011045626606 -0.17601335662156514 0.8044843077659607 0.4018079936504364 0.478337824344635 525.0 3592
datasets/7scenes/office/seq-04/frame-000431.color.png 0.7608642435400489 0.15609765751995264 0.58822154808078 0.22519887786679424 -1.0133476257324219 0.6454774737358093 0.05286048352718353 525.0 3775
datasets/7scenes/office/seq-04/frame-000011.color.png 0.8110276212620299 0.12368913126587491 -0.5572672237433554 -0.12801733358463485 0.8288679122924805 0.3073153495788574 0.6365684866905212 525.0 3857
datasets/7scenes/office/seq-04/frame-000401.color.png 0.7743609027694599 0.10986454015587463 0.5809678654790746 0.2253249084302339 -1.3234758377075195 0.7639696002006531 -0.18713799118995667 525.0 4072
datasets/7scenes/office/seq-04/frame-000951.color.png 0.9957531474831766 0.0870628231554391 0.029438394543944767 0.005395834340209437 -0.5973380208015442 0.5645700693130493 -1.019866704940796 525.0 3818
datasets/7scenes/office/seq-04/frame-000101.color.png 0.7259250186704217 0.1587974895097974 -0.6408267710413784 -0.1927622216888323 0.6464389562606812 0.9918472766876221 -0.3254958987236023 525.0 3592
datasets/7scenes/office/seq-04/frame-000001.color.png 0.8160390850796405 0.09254828392076286 -0.556539881969561 -0.12561204776219628 0.8207671642303467 0.3102561831474304 0.6688673496246338 525.0 3566
datasets/7scenes/office/seq-04/frame-000731.color.png 0.9868816470834015 0.12807992393866408 0.09753382491242807 0.0121367512856789 0.662718653678894 1.4738490581512451 -1.9493181705474854 525.0 3458
datasets/7scenes/office/seq-04/frame-000241.color.png 0.9188596049750959 0.18125454060588106 -0.34288902153599937 -0.07260121737854533 1.2415179014205933 1.0098884105682373 -0.09286227077245712 525.0 3743
datasets/7scenes/office/seq-04/frame-000981.color.png 0.9941758605474954 0.09733077027870912 -0.03701404314596503 -0.027767608315962974 -0.5762346982955933 0.41533711552619934 -1.1366883516311646 525.0 3383
datasets/7scenes/office/seq-04/frame-000231.color.png 0.8989997043282076 0.17414913769867205 -0.39345350801702345 -0.08164524778394806 1.1776037216186523 1.0319572687149048 -0.10158847272396088 525.0 3888
datasets/7scenes/office/seq-04/frame-000451.color.png 0.7093212346644721 0.17435510113980723 0.6365440301060471 0.2475386484913985 -0.9282264113426208 0.6018069386482239 0.11661599576473236 525.0 3747
datasets/7scenes/office/seq-04/frame-000711.color.png 0.9806727883162386 0.08307551457897955 0.17638364881295493 0.016375272972374618 0.3923303186893463 1.3429237604141235 -2.2448084354400635 525.0 3777
datasets/7scenes/office/seq-04/frame-000601.color.png 0.9532467382631303 0.1211687955191186 0.27602695259556004 0.02116365809489481 0.36141011118888855 1.3419194221496582 -1.239416241645813 525.0 3845
datasets/7scenes/office/seq-04/frame-000611.color.png 0.958820221378987 0.10589996816619204 0.26279107602262936 0.019744117605462578 0.3179325759410858 1.3008521795272827 -1.3852438926696777 525.0 3825
datasets/7scenes/office/seq-04/frame-000441.color.png 0.7224961543253874 0.17279066128692244 0.6240900930174192 0.24218639547786994 -0.9784974455833435 0.5919989943504333 0.14881573617458344 525.0 3982
datasets/7scenes/office/seq-04/frame-000661.color.png 0.950640531707877 0.0584710341399183 0.3037217611134787 0.02483564911373181 0.059394385665655136 1.2091001272201538 -2.218491792678833 525.0 3647
datasets/7scenes/office/seq-04/frame-000501.color.png 0.7617099174092702 0.21983434870053462 0.5653115189982943 0.2278019915181068 -0.5488591194152832 1.3544375896453857 -0.4570889472961426 525.0 4144
datasets/7scenes/office/seq-04/frame-000821.color.png 0.9731377553195831 0.22601946582496532 -0.017229239158495193 -0.04026491720815804 0.5890181660652161 1.5203607082366943 -1.1367262601852417 525.0 3770
datasets/7scenes/office/seq-04/frame-000511.color.png 0.762172388782948 0.22976685634686503 0.5605970010331065 0.2281040199866302 -0.5298309922218323 1.4770169258117676 -0.4762456715106964 525.0 4076
datasets/7scenes/office/seq-04/frame-000281.color.png 0.9580725415915902 0.201853123372519 -0.19597492047152573 -0.05427846883588841 1.460352897644043 1.145513653755188 -0.37939831614494324 525.0 4063
datasets/7scenes/office/seq-04/frame-000371.color.png 0.8782849211387468 0.13824491511431147 0.4153413189610659 0.19234221977772958 -1.0201728343963623 1.1397291421890259 -0.8562281131744385 525.0 3566
