datasets/7scenes/office/seq-04/frame-000061.color.png 0.7234254300921567 0.1630632686879434 -0.6350443271494536 -0.21629775786188735 0.7271708250045776 0.6559256911277771 0.500931441783905 525.0 4072
datasets/7scenes/office/seq-04/frame-000201.color.png 0.8768723573594395 0.13912829352441322 -0.4519961360019133 -0.08624198443463701 0.9807762503623962 1.0833946466445923 -0.13468649983406067 525.0 4406
datasets/7scenes/office/seq-04/frame-000481.color.png 0.7311946594909869 0.19943791644036304 0.6183467717966884 0.20790901189318511 -0.743898332118988 1.1270005702972412 -0.11910900473594666 525.0 4368
datasets/7scenes/office/seq-04/frame-000321.color.png 0.971119170194949 0.22148560797510158 0.05946898125202153 0.06584165101681495 0.45242273807525635 1.4644306898117065 -0.6504846215248108 525.0 4775
datasets/7scenes/office/seq-04/frame-000801.color.png 0.9690323162905936 0.24421242267325954 0.02554190100609143 -0.026158629351305317 0.49981993436813354 1.615207552909851 -0.9584965109825134 525.0 4634
datasets/7scenes/office/seq-04/frame-000641.color.png 0.9650359292515014 0.06859963625650656 0.25279431002276176 0.00973560369376323 0.32756873965263367 1.2541860342025757 -1.5966676473617554 525.0 4326
datasets/7scenes/office/seq-04/frame-000021.color.png 0.7890428420595769 0.13691070434721744 -0.5800807943427864 -0.14890642855275393 0.8007723093032837 0.4541581869125366 0.6247402429580688 525.0 3999
datasets/7scenes/office/seq-04/frame-000921.color.png 0.9941935268688005 0.105119867082725 0.02227776227667617 0.005722410735859761 -0.17069311439990997 0.9158733487129211 -0.9036475419998169 525.0 4617
datasets/7scenes/office/seq-04/frame-000271.color.png 0.9454104659215783 0.17673794486017902 -0.2669104004470148 -0.061004818709334115 1.353461503982544 1.0689291954040527 -0.14973066747188568 525.0 4364
datasets/7scenes/office/seq-04/frame-000361.color.png 0.9139783300411555 0.16923611656428003 0.32647267419687276 0.17151776021206913 -0.5994613170623779 1.3754768371582031 -0.7922918200492859 525.0 4019
datasets/7scenes/office/seq-04/frame-000791.color.png 0.9685487281485258 0.24649123309942636 0.032713762464727174 -0.009232710999414086 0.466188907623291 1.6676667928695679 -0.9858967661857605 525.0 4629
datasets/7scenes/office/seq-04/frame-000541.color.png 0.8480674673031107 0.2393111510788917 0.4518023638084311 0.13923493788736194 -0.05572749301791191 1.6142263412475586 -0.5943302512168884 525.0 4289
datasets/7scenes/office/seq-04/frame-000181.color.png 0.8512354770959653 0.13677534570758856 -0.49880838492082424 -0.08877422189156658 0.8976180553436279 1.1272544860839844 -0.2353326827287674 525.0 4273
datasets/7scenes/office/seq-04/frame-000111.color.png 0.7514364857261683 0.15347748963203947 -0.618216091359544 -0.17203700904131422 0.6971986293792725 1.0205562114715576 -0.05814475566148758 525.0 4095
datasets/7scenes/office/seq-04/frame-000691.color.png 0.9577143276232389 0.07604359793986745 0.2765143014284237 0.023248203867784603 -0.0003541812766343355 1.357030987739563 -1.912050485610962 525.0 4161
datasets/7scenes/office/seq-04/frame-000571.color.png 0.9231237087421901 0.20331642898787536 0.3206537375229039 0.060714320174692554 0.40476661920547485 1.5294222831726074 -0.7939179539680481 525.0 4338
datasets/7scenes/office/seq-04/frame-000291.color.png 0.9681698792087721 0.20338021412208576 -0.14399951695494992 -0.023403260740063537 1.1774767637252808 1.2716690301895142 -0.4240856170654297 525.0 4342
datasets/7scenes/office/seq-04/frame-000741.color.png 0.9832560457074567 0.16651140678182888 0.0735864741121895 0.008156642630897363 0.6382700204849243 1.557802438735962 -1.399883508682251 525.0 4068
datasets/7scenes/office/seq-04/frame-000911.color.png 0.9927127272528087 0.12014009554923151 -0.0033825385907136547 -0.008738250648414549 -0.0546368844807148 0.9918067455291748 -0.9014573693275452 525.0 4456
datasets/7scenes/office/seq-04/frame-000491.color.png 0.7424649203231906 0.21825793783743588 0.5953314399400118 0.21607820639615763 -0.6878073811531067 1.2313483953475952 -0.1947517991065979 525.0 4374
datasets/7scenes/office/seq-04/frame-000721.color.png 0.9847168097195481 0.11295836542028469 0.13164302739765749 0.015598899798136901 0.4977538585662842 1.4498789310455322 -1.6747575998306274 525.0 4663
datasets/7scenes/office/seq-04/frame-000261.color.png 0.9386866990715024 0.1766254274243922 -0.29060202086977033 -0.056755659099361824 1.2948931455612183 1.0836219787597656 -0.09794995933771133 525.0 4546
datasets/7scenes/office/seq-04/frame-000991.color.png 0.997516642980657 0.06255925128829938 -0.0009923169149713693 -0.03234041375721786 -0.3881605565547943 0.49676796793937683 -1.0383485555648804 525.0 3937
datasets/7scenes/office/seq-04/frame-000351.color.png 0.9325169272138585 0.19929480670579552 0.25497642990051234 0.16025224077969089 -0.37769725918769836 1.4517682790756226 -0.7734492421150208 525.0 4717
datasets/7scenes/office/seq-04/frame-000411.color.png 0.7477800654824599 0.11681356927102053 0.6191949051967387 0.20923009601779183 -1.223263144493103 0.8364042639732361 -0.03960668295621872 525.0 4420
datasets/7scenes/office/seq-04/frame-000781.color.png 0.9713186937097636 0.23358520574594513 0.04442001604852349 -0.0021929616576157446 0.46156615018844604 1.6678847074508667 -1.0703587532043457 525.0 4447
datasets/7scenes/office/seq-04/frame-000901.color.png 0.9885214708025559 0.15066503632252393 -0.004422662154450147 -0.010285361041378735 -0.013848100788891315 1.128553032875061 -0.9014860987663269 525.0 4307
datasets/7scenes/office/seq-04/frame-000151.color.png 0.8539060554737862 0.1454983375532869 -0.48830652742903835 -0.10597838206267732 0.6425685286521912 1.1832222938537598 -0.42539387941360474 525.0 4572
datasets/7scenes/office/seq-04/frame-000831.color.png 0.9696446576960813 0.2373078670108646 -0.03491971677638285 -0.04748502328587633 0.6142608523368835 1.4370059967041016 -0.7368879914283752 525.0 4384
datasets/7scenes/office/seq-04/frame-000551.color.png 0.8745315069810845 0.2323068280298887 0.4081768377546351 0.1209125720043675 0.11187418550252914 1.6081503629684448 -0.6698983907699585 525.0 4407
datasets/7scenes/office/seq-04/frame-000811.color.png 0.9713267567867638 0.23382910382174404 0.005500566217672435 -0.04263831055884082 0.5613361597061157 1.543554663658142 -0.9309517741203308 525.0 4464
datasets/7scenes/office/seq-04/frame-000861.color.png 0.9701804285512915 0.22612379082051773 -0.06584240104444965 -0.05729524854377568 0.5060897469520569 1.3322912454605103 -0.6717135906219482 525.0 4572
datasets/7scenes/office/seq-04/frame-000671.color.png 0.9480697164171791 0.059084104776268395 0.31170713416652895 0.02261733594228314 -0.05213754251599312 1.2725389003753662 -1.8812569379806519 525.0 4592
datasets/7scenes/office/seq-04/frame-000311.color.png 0.9739434207824049 0.22212700140555314 -0.011911363189766756 0.0441806268426135 0.7014967203140259 1.4465891122817993 -0.5791061520576477 525.0 4746
datasets/7scenes/office/seq-04/frame-000041.color.png 0.7665312964089294 0.17933117231557463 -0.5876955747675818 -0.186772625564266 0.8311391472816467 0.5867888331413269 0.5483894348144531 525.0 4272
datasets/7scenes/office/seq-04/frame-000881.color.png 0.9807371835491224 0.19281727431010848 -0.018857010782104652 -0.024909610115755522 0.12663747370243073 1.268865704536438 -0.8325873017311096 525.0 4526
datasets/7scenes/office/seq-04/frame-000421.color.png 0.7539378479218857 0.13068411499399823 0.6103224744320097 0.2049533136163944 -1.1272774934768677 0.8141416907310486 0.004912746138870716 525.0 4408
datasets/7scenes/office/seq-04/frame-000171.color.png 0.846791255280322 0.12893269120227482 -0.5082954520612596 -0.08920013752206508 0.8569313287734985 1.153401255607605 -0.3273234963417053 525.0 4435
datasets/7scenes/office/seq-04/frame-000531.color.png 0.8087038021992844 0.24164901606527703 0.5082949948568415 0.17099740216327233 -0.30013221502304077 1.5754891633987427 -0.4795466959476471 525.0 4313
datasets/7scenes/office/seq-04/frame-000161.color.png 0.8449914927628047 0.13564306357417044 -0.5054508746843976 -0.11004430809214008 0.7885130643844604 1.1600868701934814 -0.3652080297470093 525.0 4477
datasets/7scenes/office/seq-04/frame-000301.color.png 0.9739625496218162 0.2150438809613686 -0.0710299037670459 0.010384313462534647 0.9148250818252563 1.3794411420822144 -0.5279175043106079 525.0 4741
datasets/7scenes/office/seq-04/frame-000891.color.png 0.9839858328897171 0.17713312544008808 -0.0032152356893230608 -0.019631576697197995 0.02164478227496147 1.2151771783828735 -0.8664659261703491 525.0 4607
datasets/7scenes/office/seq-04/frame-000131.color.png 0.8321159002001067 0.15930268580020632 -0.5189778483991823 -0.1134362190923261 0.5058370232582092 1.1690503358840942 -0.3624737560749054 525.0 3880
datasets/7scenes/office/seq-04/frame-000631.color.png 0.9692901175499427 0.06563793655540226 0.23699736223604334 0.0007613132896048411 0.389018177986145 1.2051130533218384 -1.5062228441238403 525.0 4472
datasets/7scenes/office/seq-04/frame-000251.color.png 0.9281877113521612 0.17254391817428955 -0.3223736353811106 -0.06907537916702339 1.2748091220855713 1.0337265729904175 -0.03504979982972145 525.0 4241
datasets/7scenes/office/seq-04/frame-000341.color.png 0.9520767040779464 0.2120069005024267 0.1806724396198602 0.1263348457601327 -0.05893220007419586 1.4825035333633423 -0.7571264505386353 525.0 4753
datasets/7scenes/office/seq-04/frame-000561.color.png 0.9004867498079403 0.21957995009416667 0.36457978981010275 0.08938588142987917 0.28041398525238037 1.5745329856872559 -0.749057948589325 525.0 4194
datasets/7scenes/office/seq-04/frame-000621.color.png 0.964923860163326 0.0896736928108742 0.2466343555118861 0.007215787303111044 0.3458783030509949 1.262776494026184 -1.3314440250396729 525.0 4401
datasets/7scenes/office/seq-04/frame-000761.color.png 0.9761533130277001 0.20774182381473963 0.06293546456284396 0.0026779476151862396 0.5431909561157227 1.6342039108276367 -1.2321161031723022 525.0 4436
datasets/7scenes/office/seq-04/frame-000191.color.png 0.8636124056397495 0.1435599943252234 -0.47454875750903874 -0.09147468284227127 0.9501069784164429 1.0993307828903198 -0.16671007871627808 525.0 4260
datasets/7scenes/office/seq-04/frame-000211.color.png 0.8817139434980796 0.14846429944230535 -0.440575042249098 -0.08020290380887887 1.03987717628479 1.062333345413208 -0.06690999120473862 525.0 4355
datasets/7scenes/office/seq-04/frame-000381.color.png 0.8266246295513594 0.1286875874211422 0.5054827748481896 0.21123065827331597 -1.1810749769210815 1.0362045764923096 -0.45263418555259705 525.0 4161
datasets/7scenes/office/seq-04/frame-000971.color.png 0.997885550656197 0.061763917615266034 0.015636583310160122 -0.012850818447775147 -0.39126619696617126 0.5749767422676086 -1.0026166439056396 525.0 4662
datasets/7scenes/office/seq-04/frame-000651.color.png 0.9581783078476094 0.06867553937580227 0.27716963702057623 0.01884125727271466 0.21340906620025635 1.246994972229004 -1.6938307285308838 525.0 4447
datasets/7scenes/office/seq-04/frame-000081.color.png 0.7039982046072123 0.15908484567716044 -0.655669805289831 -0.22175582566618385 0.675767719745636 0.7594494223594666 0.3544076085090637 525.0 4280
datasets/7scenes/office/seq-04/frame-000581.color.png 0.9367407812352974 0.18308819725569997 0.2960319976070001 0.03688464706557173 0.45211300253868103 1.4683910608291626 -0.8643826246261597 525.0 4200
datasets/7scenes/office/seq-04/frame-000221.color.png 0.8865342799969979 0.16045612566358944 -0.4244370699097393 -0.09035472214372677 1.1153762340545654 1.027608036994934 0.010240099392831326 525.0 4560
datasets/7scenes/office/seq-04/frame-000871.color.png 0.9757291281081208 0.20945664929066235 -0.04684322327727824 -0.04343147547908066 0.3239847719669342 1.3116108179092407 -0.7551357746124268 525.0 4338
datasets/7scenes/office/seq-04/frame-000681.color.png 0.9492286716612011 0.06101717381106506 0.30746000467853185 0.026649182342037763 -0.10063464194536209 1.288732886314392 -1.926769733428955 525.0 4437
datasets/7scenes/office/seq-04/frame-000331.color.png 0.9630379958447186 0.21952434453174555 0.12103455656834691 0.09857746615529828 0.19374842941761017 1.4893697500228882 -0.7013497948646545 525.0 4441
datasets/7scenes/office/seq-04/frame-000851.color.png 0.9673559579646671 0.23628748031943586 -0.07006675034289021 -0.059002777315483465 0.6000375747680664 1.3530685901641846 -0.6292700171470642 525.0 4606
datasets/7scenes/office/seq-04/frame-000521.color.png 0.7732300970601597 0.2420263357170781 0.5470017886531745 0.2105410008286459 -0.50456303358078 1.5148993730545044 -0.3417675495147705 525.0 4291
datasets/7scenes/office/seq-04/frame-000751.color.png 0.9788280736922873 0.19291813140656663 0.06793763714445437 0.007916702954715716 0.599196195602417 1.6146585941314697 -1.3035075664520264 525.0 4308
datasets/7scenes/office/seq-04/frame-000701.color.png 0.9696613938193299 0.07847705444723911 0.23063872865486948 0.020097514923613714 0.15040476620197296 1.3532981872558594 -1.8885835409164429 525.0 4004
datasets/7scenes/office/seq-04/frame-000961.color.png 0.9974834088940406 0.06085793330025159 0.036295578553493954 0.0024066393608936586 -0.417671263217926 0.6172709465026855 -0.9782944917678833 525.0 4703
datasets/7scenes/office/seq-04/frame-000071.color.png 0.7138944866891697 0.16108387020043466 -0.6445714246376147 -0.22121104668775501 0.6848644018173218 0.6763657331466675 0.436612993478775 525.0 4374
datasets/7scenes/office/seq-04/frame-000471.color.png 0.7165872508745652 0.1903129857060512 0.6360766479392558 0.2137526077081666 -0.8176204562187195 1.009409785270691 -0.01812063902616501 525.0 4258
datasets/7scenes/office/seq-04/frame-000051.color.png 0.7500961929259183 0.17516743574542476 -0.6052366680018947 -0.20089959312646785 0.7733768820762634 0.6493457555770874 0.5169639587402344 525.0 3918
datasets/7scenes/office/seq-04/frame-000941.color.png 0.9956385045041555 0.06067370421067832 0.06880169934566009 0.016999886271185757 -0.4113558530807495 0.7205936908721924 -0.94706791639328 525.0 4291
datasets/7scenes/office/seq-04/frame-000141.color.png 0.8573632804306285 0.15606112235385994 -0.480702373524459 -0.09745952773760344 0.4897485673427582 1.1883448362350464 -0.44220685958862305 525.0 4503
datasets/7scenes/office/seq-04/frame-000931.color.png 0.9953014475751026 0.07983461098424424 0.051668395407989925 0.018216483191413415 -0.3120044469833374 0.8282615542411804 -0.9315147995948792 525.0 4716
datasets/7scenes/office/seq-04/frame-000121.color.png 0.7878984180829947 0.15479653629617876 -0.5776564083240144 -0.14685771704346962 0.6207250356674194 1.0920212268829346 -0.22355496883392334 525.0 4054
datasets/7scenes/office/seq-04/frame-000091.color.png 0.7046297052687709 0.14815426809410537 -0.6628722387845243 -0.20529901691712396 0.6969683766365051 0.8451164960861206 0.20967715978622437 525.0 4140
datasets/7scenes/office/seq-04/frame-000841.color.png 0.9669079234232304 0.24467971833015775 -0.05147526553056138 -0.05070700245340216 0.6040526628494263 1.4028346538543701 -0.6530594229698181 525.0 4438
datasets/7scenes/office/seq-04/frame-000391.color.png 0.7873996973419956 0.12418916869000038 0.5625310315820726 0.21940283843430458 -1.2926589250564575 0.9402934908866882 -0.23605379462242126 525.0 4393
datasets/7scenes/office/seq-04/frame-000771.color.png 0.9748168261707362 0.21577609419848212 0.05632420142400493 -0.0006456940517958336 0.4975912868976593 1.6445205211639404 -1.1756138801574707 525.0 4761
datasets/7scenes/office/seq-04/frame-000461.color.png 0.6907953483103606 0.18690287874286668 0.6587039531728951 0.23233209581286282 -0.9295166730880737 0.8663904666900635 0.14142976701259613 525.0 4010
datasets/7scenes/office/seq-04/frame-000591.color.png 0.9483202565350239 0.15126692179041545 0.27815241585821227 0.020934253500876007 0.41305869817733765 1.409895896911621 -0.9568145871162415 525.0 4091
datasets/7scenes/office/seq-04/frame-000031.color.png 0.7729854654615266 0.18038407062453948 -0.5836989041223012 -0.1710282040383192 0.8207138776779175 0.4908302128314972 0.6044265031814575 525.0 4166
datasets/7scenes/office/seq-04/frame-000431.color.png 0.743040514763478 0.16085737918849632 0.6115825529168541 0.2190490309230727 -1.0718828439712524 0.8012980222702026 0.10828334093093872 525.0 3945
datasets/7scenes/office/seq-04/frame-000011.color.png 0.8137625975949093 0.1058456930585316 -0.5578625795422141 -0.12400188048191757 0.824388861656189 0.4821304380893707 0.6169857978820801 525.0 4146
datasets/7scenes/office/seq-04/frame-000401.color.png 0.7628576028237225 0.11435015592934393 0.5998080987819929 0.21260894686844564 -1.2807978391647339 0.8786759972572327 -0.12916216254234314 525.0 4482
datasets/7scenes/office/seq-04/frame-000951.color.png 0.9966797401511084 0.06002342860919682 0.054371313512268094 0.008393083894880788 -0.4224776327610016 0.6677812933921814 -0.9556794762611389 525.0 4671
datasets/7scenes/office/seq-04/frame-000101.color.png 0.7195327416771348 0.1474280223209745 -0.6511677089142718 -0.19109742739359414 0.719150185585022 0.9166621565818787 0.07780221849679947 525.0 3984
datasets/7scenes/office/seq-04/frame-000001.color.png 0.8180950593103147 0.07574422634078833 -0.5565577452144543 -0.12339676798802592 0.830269992351532 0.49216440320014954 0.6282487511634827 525.0 4232
datasets/7scenes/office/seq-04/frame-000731.color.png 0.9858560764323816 0.13715355146092115 0.09568735523942053 0.01098316576818294 0.6014823913574219 1.4990639686584473 -1.538057804107666 525.0 4613
datasets/7scenes/office/seq-04/frame-000241.color.png 0.9124009202199768 0.17024040456883707 -0.36518280738492503 -0.07200196264299329 1.2141259908676147 1.0281671285629272 0.03191160783171654 525.0 4257
datasets/7scenes/office/seq-04/frame-000981.color.png 0.9975605576948147 0.06415572487313544 -0.010787136923974166 -0.025310361012761073 -0.35950255393981934 0.5408778786659241 -1.028963327407837 525.0 4681
datasets/7scenes/office/seq-04/frame-000231.color.png 0.8915590254920609 0.1612237990149544 -0.4157721566848442 -0.07913851414112866 1.1754543781280518 1.0257377624511719 0.05860498175024986 525.0 4393
datasets/7scenes/office/seq-04/frame-000451.color.png 0.6871913942718756 0.18177320415297335 0.6613982792037455 0.23932991070269818 -1.0169227123260498 0.7521237730979919 0.23926277458667755 525.0 3810
datasets/7scenes/office/seq-04/frame-000711.color.png 0.9787142590376819 0.09321389351093588 0.18230652722961288 0.013924774408641436 0.3305632770061493 1.3969029188156128 -1.8103114366531372 525.0 4648
datasets/7scenes/office/seq-04/frame-000601.color.png 0.9556164049202619 0.11943499745202134 0.2688779950154888 0.015401033321194139 0.3502477705478668 1.3280091285705566 -1.0773491859436035 525.0 4629
datasets/7scenes/office/seq-04/frame-000611.color.png 0.9607571693259753 0.10528026714858334 0.2560369794687738 0.017515481220018905 0.31076017022132874 1.2966532707214355 -1.1688498258590698 525.0 4684
datasets/7scenes/office/seq-04/frame-000441.color.png 0.7036467914108137 0.1779604282555172 0.646893117935068 0.2339670337475479 -1.042096495628357 0.7472628951072693 0.2427050769329071 525.0 3891
datasets/7scenes/office/seq-04/frame-000661.color.png 0.9502145755204401 0.06133643506787164 0.30468678408985894 0.0222725347155282 0.031794577836990356 1.2499947547912598 -1.8089100122451782 525.0 4393
datasets/7scenes/office/seq-04/frame-000501.color.png 0.7499037750792014 0.22941507196671593 0.5795618374149087 0.2216328709571847 -0.6375769376754761 1.3545126914978027 -0.24824796617031097 525.0 4560
datasets/7scenes/office/seq-04/frame-000821.color.png 0.9731920501395971 0.2247082143015652 -0.020111216323282954 -0.04471007658781056 0.6113601922988892 1.4753892421722412 -0.8653628826141357 525.0 4759
datasets/7scenes/office/seq-04/frame-000511.color.png 0.7528485033072937 0.2397243427410658 0.5708824824375915 0.22325895684434477 -0.600817084312439 1.4521265029907227 -0.2580876052379608 525.0 4486
datasets/7scenes/office/seq-04/frame-000281.color.png 0.955758473115674 0.1940706234568394 -0.21416352526156304 -0.05473863924330673 1.3342429399490356 1.153873324394226 -0.2584972083568573 525.0 4270
datasets/7scenes/office/seq-04/frame-000371.color.png 0.8753256521670091 0.14368731321039213 0.42312213294580625 0.18473391484015678 -0.9251415133476257 1.2078847885131836 -0.6852499842643738 525.0 4034
