datasets/7scenes/redkitchen/seq-14/frame-000000.color.png 0.9982643978135267 -0.057579655649972895 -0.011074277470714856 0.00548959850344937 0.19225455820560455 -0.20299898087978363 0.02225407212972641 525.0 inf
datasets/7scenes/redkitchen/seq-14/frame-000010.color.png 0.9984805758125457 -0.050692994444945745 -0.01679485986337542 -0.013590170029158164 0.20138202607631683 -0.21697396039962769 0.007902659475803375 525.0 inf
datasets/7scenes/redkitchen/seq-14/frame-000020.color.png 0.9967649206205651 -0.05172880880601819 -0.011669066456820237 -0.06039582972205322 0.2169853150844574 -0.24603518843650818 -0.018441354855895042 525.0 inf
datasets/7scenes/redkitchen/seq-14/frame-000030.color.png 0.9868710766700571 -0.06918125002670662 -0.0017184420135157189 -0.14593313411926298 0.23757708072662354 -0.27493199706077576 -0.03821340948343277 525.0 inf
datasets/7scenes/redkitchen/seq-14/frame-000040.color.png 0.9774655660001361 -0.08534080677855284 -0.023335406300117944 -0.19165978397991548 0.28677642345428467 -0.3009973168373108 -0.026386750862002373 525.0 inf
datasets/7scenes/redkitchen/seq-14/frame-000050.color.png 0.9800004982895442 -0.0688382969107138 -0.11143276194583207 -0.149810052385683 0.36775365471839905 -0.2810615599155426 0.04292071983218193 525.0 inf
datasets/7scenes/redkitchen/seq-14/frame-000060.color.png 0.9818034166625172 -0.04559441914269077 -0.17713238032763487 -0.051061921353532914 0.4404808282852173 -0.20282992720603943 0.14480262994766235 525.0 inf
datasets/7scenes/redkitchen/seq-14/frame-000070.color.png 0.98018317714213 -0.04500433925997715 -0.18703014016250982 0.04727869886243443 0.47038957476615906 -0.12815070152282715 0.23875316977500916 525.0 inf
datasets/7scenes/redkitchen/seq-14/frame-000080.color.png 0.9775818358045051 -0.043507360798878555 -0.16827447025655004 0.11884681956740445 0.5030229091644287 -0.054231345653533936 0.3030849099159241 525.0 inf
datasets/7scenes/redkitchen/seq-14/frame-000090.color.png 0.9866995770679484 -0.04827719220557797 -0.10179747298511627 0.11717735199483645 0.5932621359825134 -0.025509221479296684 0.2672739624977112 525.0 inf
datasets/7scenes/redkitchen/seq-14/frame-000100.color.png 0.9953924295013117 -0.046424763051265694 -0.06375627482458561 0.05453246819649663 0.6653215885162354 -0.08359649777412415 0.2015504240989685 525.0 inf
datasets/7scenes/redkitchen/seq-14/frame-000110.color.png 0.99695304790768 -0.06292119787848126 -0.03263841402431492 -0.03256189575410783 0.7148432731628418 -0.1662096232175827 0.15005014836788177 525.0 inf
datasets/7scenes/redkitchen/seq-14/frame-000120.color.png 0.9879863864948929 -0.08603609013162408 -0.04164800700660092 -0.12143366422868562 0.7047770023345947 -0.2515358328819275 0.1483398973941803 525.0 inf
datasets/7scenes/redkitchen/seq-14/frame-000130.color.png 0.9702180196640124 -0.09033787394414457 -0.040050133599424824 -0.22116068739530062 0.6289262771606445 -0.3328981399536133 0.11452705413103104 525.0 inf
datasets/7scenes/redkitchen/seq-14/frame-000140.color.png 0.9610064203200891 -0.0740850268265195 -0.048352003977070825 -0.26199265755948886 0.5552852749824524 -0.3181564509868622 0.06725344061851501 525.0 inf
datasets/7scenes/redkitchen/seq-14/frame-000150.color.png 0.9547681009765872 -0.06719852510251277 -0.10346997460247552 -0.2705479549680086 0.4251262843608856 -0.21600916981697083 0.062352851033210754 525.0 inf
datasets/7scenes/redkitchen/seq-14/frame-000160.color.png 0.9432079379963503 -0.06515625493551937 -0.1579781210082224 -0.28487955599895526 0.3029043674468994 -0.11548831313848495 0.04215604439377785 525.0 inf
datasets/7scenes/redkitchen/seq-14/frame-000170.color.png 0.9527143592351776 -0.03483403561790371 -0.23105917088085084 -0.19425138151768578 0.21514542400836945 0.012318473309278488 -0.014172478578984737 525.0 inf
datasets/7scenes/redkitchen/seq-14/frame-000180.color.png 0.9710919715396034 -0.02869804676446501 -0.22153942050796133 -0.0841254425499656 0.09368816018104553 0.138251394033432 -0.11463648080825806 525.0 inf
datasets/7scenes/redkitchen/seq-14/frame-000190.color.png 0.9749343539324138 -0.039447237657757504 -0.21863644697419718 0.01204263335232438 -0.02716657519340515 0.16699911653995514 -0.24570022523403168 525.0 inf
datasets/7scenes/redkitchen/seq-14/frame-000200.color.png 0.9716341518398798 -0.03123450233737694 -0.22770292721970417 0.055703301317893916 -0.1052737832069397 0.15843772888183594 -0.3318346440792084 525.0 inf
datasets/7scenes/redkitchen/seq-14/frame-000210.color.png 0.9685304906991244 -0.02652612018193926 -0.2344677028635592 0.07918301489645566 -0.23070380091667175 0.12269427627325058 -0.41500672698020935 525.0 inf
datasets/7scenes/redkitchen/seq-14/frame-000220.color.png 0.9739913796462688 -0.06379522908751309 -0.19561172277606653 0.09490529507360901 -0.3832482695579529 0.03302966430783272 -0.4620473384857178 525.0 inf
datasets/7scenes/redkitchen/seq-14/frame-000230.color.png 0.9788428351142648 -0.1284675885148879 -0.12441991140940671 0.0994106055283488 -0.5399612188339233 -0.05979466810822487 -0.4516109824180603 525.0 inf
datasets/7scenes/redkitchen/seq-14/frame-000240.color.png 0.9813531303863376 -0.15047037940201963 -0.03317399475096508 0.11490946208128766 -0.6938111186027527 -0.12851685285568237 -0.39471107721328735 525.0 inf
datasets/7scenes/redkitchen/seq-14/frame-000250.color.png 0.9785778235188138 -0.16232745172280794 0.0292609760148388 0.12320323460453346 -0.7011563181877136 -0.1296515166759491 -0.3385748863220215 525.0 inf
datasets/7scenes/redkitchen/seq-14/frame-000260.color.png 0.9698862928158657 -0.1767504945877782 0.09554966013403317 0.1376593771566005 -0.6992243528366089 -0.14243406057357788 -0.26670771837234497 525.0 inf
datasets/7scenes/redkitchen/seq-14/frame-000270.color.png 0.9595339552306295 -0.18915178317058537 0.14367514673878418 0.1512403514027952 -0.6820443272590637 -0.1460431069135666 -0.23147891461849213 525.0 inf
datasets/7scenes/redkitchen/seq-14/frame-000280.color.png 0.9491632089128083 -0.205231001795734 0.19131330120257695 0.14271881281468132 -0.6497480869293213 -0.15232522785663605 -0.2308870404958725 525.0 inf
datasets/7scenes/redkitchen/seq-14/frame-000290.color.png 0.9358943552892794 -0.19372736652943381 0.2555948239814036 0.14574892503600043 -0.6507068872451782 -0.15466800332069397 -0.20964176952838898 525.0 inf
datasets/7scenes/redkitchen/seq-14/frame-000300.color.png 0.9234694378764895 -0.14471678051322254 0.3233247630548609 0.147385034319928 -0.7540786862373352 -0.11702221632003784 -0.13474343717098236 525.0 inf
datasets/7scenes/redkitchen/seq-14/frame-000310.color.png 0.9305055720975404 -0.10382893756771577 0.3222088443836436 0.13985847353644795 -0.8519338965415955 -0.06834780424833298 -0.08690136671066284 525.0 inf
datasets/7scenes/redkitchen/seq-14/frame-000320.color.png 0.9468944718686135 -0.055435551971606156 0.2891300829244804 0.12931184737040136 -0.9463868141174316 -0.016011975705623627 -0.11740273237228394 525.0 inf
datasets/7scenes/redkitchen/seq-14/frame-000330.color.png 0.9619497658482963 -0.05298814075164082 0.23931065470084126 0.12072827121576311 -1.077717661857605 -0.011527761816978455 -0.20695126056671143 525.0 inf
datasets/7scenes/redkitchen/seq-14/frame-000340.color.png 0.9711436537212801 -0.06334839344619421 0.20696417545859636 0.10016394042474543 -1.2187813520431519 0.034488022327423096 -0.290798544883728 525.0 inf
datasets/7scenes/redkitchen/seq-14/frame-000350.color.png 0.9718941626528228 -0.09089239144829557 0.19618448333524818 0.09312334979294906 -1.333191156387329 0.03242572396993637 -0.3858322501182556 525.0 inf
datasets/7scenes/redkitchen/seq-14/frame-000360.color.png 0.9778975491341894 -0.10362185126800606 0.16851210388816337 0.06769465400104752 -1.4550633430480957 0.059232935309410095 -0.5835009813308716 525.0 inf
datasets/7scenes/redkitchen/seq-14/frame-000370.color.png 0.9788316020901454 -0.10353058410708124 0.16174329648821809 0.07077583588492742 -1.5308057069778442 0.06439986824989319 -0.7205223441123962 525.0 inf
datasets/7scenes/redkitchen/seq-14/frame-000380.color.png 0.9836122281370416 -0.09338831904061025 0.15081856840451366 0.032239198973711206 -1.5353485345840454 0.17038652300834656 -0.8691907525062561 525.0 inf
datasets/7scenes/redkitchen/seq-14/frame-000390.color.png 0.989986644086147 -0.07708445418326675 0.11749231957479586 -0.013415897109415934 -1.4086312055587769 0.343778520822525 -1.0972753763198853 525.0 inf
datasets/7scenes/redkitchen/seq-14/frame-000400.color.png 0.9884968780913225 -0.08770739353776692 0.11335435206331923 -0.04829209035468954 -1.308137059211731 0.4081600606441498 -1.2167019844055176 525.0 inf
datasets/7scenes/redkitchen/seq-14/frame-000410.color.png 0.9879805873895164 -0.09782991522872603 0.10560245353949399 -0.05631863309993651 -1.2242851257324219 0.40340909361839294 -1.2938660383224487 525.0 inf
datasets/7scenes/redkitchen/seq-14/frame-000420.color.png 0.9834423273400822 -0.09349652732491558 0.14532964262109466 -0.05457914574019134 -1.259243369102478 0.3952600955963135 -1.2276005744934082 525.0 inf
datasets/7scenes/redkitchen/seq-14/frame-000430.color.png 0.9687670941894223 -0.07013652916370844 0.2252783337415923 -0.07629454003572636 -1.3502979278564453 0.49924829602241516 -1.0087817907333374 525.0 inf
datasets/7scenes/redkitchen/seq-14/frame-000440.color.png 0.9504070346152382 -0.024953782593305412 0.2931699984304343 -0.10077266151320324 -1.3593194484710693 0.6513853073120117 -0.7765823602676392 525.0 inf
datasets/7scenes/redkitchen/seq-14/frame-000450.color.png 0.9409413013657878 -0.014130010146135293 0.316900541009858 -0.1183378946279977 -1.3145012855529785 0.6883690357208252 -0.688511848449707 525.0 inf
datasets/7scenes/redkitchen/seq-14/frame-000460.color.png 0.9423017247122996 -0.03309385020573375 0.30588101461984946 -0.1319434029344307 -1.2099356651306152 0.6348111033439636 -0.696382462978363 525.0 inf
datasets/7scenes/redkitchen/seq-14/frame-000470.color.png 0.9502374988366351 -0.041543474184780445 0.29487310104468184 -0.09150240345284476 -1.1376898288726807 0.4740440845489502 -0.681223452091217 525.0 inf
datasets/7scenes/redkitchen/seq-14/frame-000480.color.png 0.9564673388213337 -0.07180711216934582 0.2828422122135452 -0.003775102658578994 -1.0848183631896973 0.21747659146785736 -0.6753292083740234 525.0 inf
datasets/7scenes/redkitchen/seq-14/frame-000490.color.png 0.947427321009658 -0.11243678905867462 0.28425873940295654 0.09453258138694712 -1.0102226734161377 -0.03511233627796173 -0.6676161885261536 525.0 inf
datasets/7scenes/redkitchen/seq-14/frame-000500.color.png 0.9322668099275921 -0.15436087814149338 0.25732678222592953 0.2020748414723287 -0.8367443084716797 -0.26206472516059875 -0.7265177965164185 525.0 inf
datasets/7scenes/redkitchen/seq-14/frame-000510.color.png 0.9044074990317411 -0.19880575549877263 0.2687541129895129 0.2651312392513064 -0.7485909461975098 -0.39065518975257874 -0.7023447751998901 525.0 inf
datasets/7scenes/redkitchen/seq-14/frame-000520.color.png 0.880510387527591 -0.21387851137031327 0.30354270443008485 0.2946510926796308 -0.7207295894622803 -0.43567416071891785 -0.6477375626564026 525.0 inf
datasets/7scenes/redkitchen/seq-14/frame-000530.color.png 0.8488388560484116 -0.22767744398532005 0.3690982165861012 0.30232777655335435 -0.8073574304580688 -0.5011014342308044 -0.491524875164032 525.0 inf
datasets/7scenes/redkitchen/seq-14/frame-000540.color.png 0.8360155747086349 -0.21904944460778297 0.416086300763603 0.28278523649312637 -0.9316470623016357 -0.5026199817657471 -0.3116634786128998 525.0 inf
datasets/7scenes/redkitchen/seq-14/frame-000550.color.png 0.8403875311266621 -0.1846572762876043 0.45242728957508144 0.23443556788299524 -1.0879703760147095 -0.4016156494617462 -0.1420826017856598 525.0 inf
datasets/7scenes/redkitchen/seq-14/frame-000560.color.png 0.861504734207749 -0.16885878865825737 0.4452927320030192 0.1760985100896339 -1.2038511037826538 -0.2930887043476105 -0.08995246887207031 525.0 inf
datasets/7scenes/redkitchen/seq-14/frame-000570.color.png 0.8721824355004868 -0.14468219815040123 0.4512020234532928 0.12157958206237317 -1.350450038909912 -0.15277284383773804 -0.011842787265777588 525.0 inf
datasets/7scenes/redkitchen/seq-14/frame-000580.color.png 0.8902440876435902 -0.12149987659118024 0.4341384307297038 0.06501590088208882 -1.4528155326843262 0.01584743522107601 0.013631504029035568 525.0 inf
datasets/7scenes/redkitchen/seq-14/frame-000590.color.png 0.882342862948502 -0.07650104928049058 0.4621741766821529 -0.044874180449333625 -1.3861395120620728 0.35385462641716003 0.060740161687135696 525.0 inf
datasets/7scenes/redkitchen/seq-14/frame-000600.color.png 0.9025601262714782 -0.09583562673223482 0.40755560588508644 -0.10049467262145435 -1.114795446395874 0.3360867500305176 -0.24259591102600098 525.0 inf
datasets/7scenes/redkitchen/seq-14/frame-000610.color.png 0.9248095830548453 -0.12420408368163219 0.34567072894337436 -0.09905719478405098 -0.8850221633911133 0.2109958976507187 -0.5145394206047058 525.0 inf
datasets/7scenes/redkitchen/seq-14/frame-000620.color.png 0.9504670932675119 -0.1341654187570417 0.2710358017813218 -0.07177422363293558 -0.6537656784057617 0.1067432165145874 -0.7936196327209473 525.0 inf
datasets/7scenes/redkitchen/seq-14/frame-000630.color.png 0.9686263602953753 -0.11975537025351844 0.1947923721748497 -0.09735274612907102 -0.3957615792751312 0.1223117858171463 -1.0160034894943237 525.0 inf
datasets/7scenes/redkitchen/seq-14/frame-000640.color.png 0.9851455687509519 -0.10189213049704039 0.11506849018251071 -0.07658619118519229 -0.1480744183063507 0.13257555663585663 -1.1461493968963623 525.0 inf
datasets/7scenes/redkitchen/seq-14/frame-000650.color.png 0.9941726826756705 -0.06881575901094943 0.06990331542026379 -0.044705646471813174 0.04780919849872589 0.2451266050338745 -1.2137807607650757 525.0 inf
datasets/7scenes/redkitchen/seq-14/frame-000660.color.png 0.996522580741489 -0.05641762249336979 0.04507044118201243 0.04157467108921851 0.1610679030418396 0.31208473443984985 -1.2326903343200684 525.0 inf
datasets/7scenes/redkitchen/seq-14/frame-000670.color.png 0.9904100745078915 -0.0558895030951051 0.04918341480711629 0.11638401722301149 0.20696526765823364 0.35935264825820923 -1.2455471754074097 525.0 inf
datasets/7scenes/redkitchen/seq-14/frame-000680.color.png 0.9767941545277168 -0.08254440618520521 0.08134083188518745 0.18012015366482612 0.22077250480651855 0.3524165153503418 -1.2910919189453125 525.0 inf
datasets/7scenes/redkitchen/seq-14/frame-000690.color.png 0.9639426021657737 -0.11781847729741748 0.12808622918801052 0.20131414264673864 0.23394283652305603 0.31250953674316406 -1.3719805479049683 525.0 inf
datasets/7scenes/redkitchen/seq-14/frame-000700.color.png 0.9489746624361766 -0.13942172342816847 0.18297666759280234 0.2157039920981927 0.1909041404724121 0.26843342185020447 -1.465578556060791 525.0 inf
datasets/7scenes/redkitchen/seq-14/frame-000710.color.png 0.9317902305061655 -0.13523459841527954 0.26328020637700256 0.2101478114442492 0.01757359504699707 0.22907985746860504 -1.5412542819976807 525.0 inf
datasets/7scenes/redkitchen/seq-14/frame-000720.color.png 0.8984366094901785 -0.12079126196866027 0.3629301653425539 0.21564513637974214 -0.2799655795097351 0.21523654460906982 -1.5523356199264526 525.0 inf
datasets/7scenes/redkitchen/seq-14/frame-000730.color.png 0.8764693719337252 -0.07042931140750461 0.41419053808384065 0.23513262282929753 -0.5035080909729004 0.35276156663894653 -1.4894938468933105 525.0 inf
datasets/7scenes/redkitchen/seq-14/frame-000740.color.png 0.8522151277840602 -0.032060732899727586 0.4658366759809278 0.23600355228888123 -0.7309750914573669 0.4326225519180298 -1.379146695137024 525.0 inf
datasets/7scenes/redkitchen/seq-14/frame-000750.color.png 0.8347877346831204 0.014287038955643473 0.5034923002959445 0.2223079442647124 -0.8794270157814026 0.5435072779655457 -1.254826307296753 525.0 inf
datasets/7scenes/redkitchen/seq-14/frame-000760.color.png 0.8157639958334597 0.02632778415875838 0.5354557630066984 0.2170785036479466 -1.0080527067184448 0.5470895171165466 -1.155808448791504 525.0 inf
datasets/7scenes/redkitchen/seq-14/frame-000770.color.png 0.7908540842826979 0.017737724795760433 0.573311162976823 0.2134232904314989 -1.14520263671875 0.4904502034187317 -1.052647590637207 525.0 inf
datasets/7scenes/redkitchen/seq-14/frame-000780.color.png 0.7777666827791624 0.0028654744991943874 0.5858502052010661 0.2277066386394144 -1.2169190645217896 0.44563648104667664 -0.9904746413230896 525.0 inf
datasets/7scenes/redkitchen/seq-14/frame-000790.color.png 0.7839992278592649 -0.017573686502304984 0.5795028440598385 0.22183964926350186 -1.2030876874923706 0.41472992300987244 -1.0129626989364624 525.0 inf
datasets/7scenes/redkitchen/seq-14/frame-000800.color.png 0.8029113966705415 -0.02673909605777723 0.5544601766236575 0.21723770938084383 -1.153725028038025 0.4230346381664276 -1.0561728477478027 525.0 inf
datasets/7scenes/redkitchen/seq-14/frame-000810.color.png 0.8222665906549503 -0.04599566063795005 0.5326556230084583 0.1950385612452937 -1.109953761100769 0.3881852924823761 -1.1031802892684937 525.0 inf
datasets/7scenes/redkitchen/seq-14/frame-000820.color.png 0.8278677103087578 -0.03278402242399139 0.533456848013387 0.17024703641902247 -1.0838427543640137 0.41627737879753113 -1.0414886474609375 525.0 inf
datasets/7scenes/redkitchen/seq-14/frame-000830.color.png 0.8442675354509053 -0.02352783531164481 0.5114700923037875 0.1582943910186261 -1.014317512512207 0.4346975088119507 -1.0004990100860596 525.0 inf
datasets/7scenes/redkitchen/seq-14/frame-000840.color.png 0.8725105928862404 -0.02070745643254743 0.46479660547259427 0.14919980593334856 -0.915282666683197 0.42699676752090454 -0.9867951273918152 525.0 inf
datasets/7scenes/redkitchen/seq-14/frame-000850.color.png 0.8935667499374755 -0.035065780261631575 0.42207948283361535 0.14885484416614686 -0.8553007245063782 0.3867039978504181 -0.9727282524108887 525.0 inf
datasets/7scenes/redkitchen/seq-14/frame-000860.color.png 0.9034305559029273 -0.05297533918298983 0.40321941676901313 0.1357237858292784 -0.858322024345398 0.3451106548309326 -0.9540802836418152 525.0 inf
datasets/7scenes/redkitchen/seq-14/frame-000870.color.png 0.9214927613802062 -0.037717605756339936 0.36387805959738934 0.13046543865534027 -0.8272704482078552 0.40007615089416504 -0.9624643325805664 525.0 inf
datasets/7scenes/redkitchen/seq-14/frame-000880.color.png 0.9249006030153911 -0.001259237948996433 0.34583565259564114 0.15797148557667237 -0.9216578602790833 0.4829726219177246 -0.8992884755134583 525.0 inf
datasets/7scenes/redkitchen/seq-14/frame-000890.color.png 0.9152379431042075 0.024968703790230255 0.3599326736836475 0.17934475667929692 -1.044427752494812 0.5147449970245361 -0.7915570139884949 525.0 inf
datasets/7scenes/redkitchen/seq-14/frame-000900.color.png 0.9020524001982253 0.032466089525276645 0.3862615664100831 0.18986685503790954 -1.1377322673797607 0.48166507482528687 -0.6554562449455261 525.0 inf
datasets/7scenes/redkitchen/seq-14/frame-000910.color.png 0.8931288533511131 0.032335898423200865 0.40343562669405364 0.1962522257169751 -1.2024204730987549 0.41365569829940796 -0.5180193185806274 525.0 inf
datasets/7scenes/redkitchen/seq-14/frame-000920.color.png 0.896016988589528 0.024905546609449696 0.41070317297179126 0.16690168848139653 -1.2559547424316406 0.3520074486732483 -0.39777958393096924 525.0 inf
datasets/7scenes/redkitchen/seq-14/frame-000930.color.png 0.8849056104169376 0.03222582993829956 0.42338023659687735 0.19144903185074388 -1.3254966735839844 0.2459448128938675 -0.27293622493743896 525.0 inf
datasets/7scenes/redkitchen/seq-14/frame-000940.color.png 0.8804534179225317 0.013718557082877201 0.44358034649333394 0.16688336125854297 -1.4099215269088745 0.210904061794281 -0.1668129563331604 525.0 inf
datasets/7scenes/redkitchen/seq-14/frame-000950.color.png 0.87445711855308 0.020857338258904033 0.4473609897216998 0.18643461086348648 -1.5037192106246948 0.11596605181694031 -0.08106499910354614 525.0 inf
datasets/7scenes/redkitchen/seq-14/frame-000960.color.png 0.8779574336253337 0.04576938816818598 0.4367007423299417 0.19075735764893917 -1.572300672531128 0.0989181399345398 -0.003941484726965427 525.0 inf
datasets/7scenes/redkitchen/seq-14/frame-000970.color.png 0.8886555172171134 0.05570225505650426 0.4174159383353713 0.18152841354676744 -1.6203023195266724 0.0794067531824112 0.057057831436395645 525.0 inf
datasets/7scenes/redkitchen/seq-14/frame-000980.color.png 0.8993525121532345 0.07283724138582551 0.39327914958707566 0.17661060458261166 -1.6516348123550415 0.029787076637148857 0.11366699635982513 525.0 inf
datasets/7scenes/redkitchen/seq-14/frame-000990.color.png 0.8971764534947655 0.08508367750014086 0.39061107883934415 0.18777157454090534 -1.691845178604126 -0.05648050829768181 0.2047109454870224 525.0 inf
