datasets/7scenes/office/seq-04/frame-000061.color.png 0.7290326585472616 0.17489902964302662 -0.6258118485019775 -0.21513075669456833 0.6321998834609985 0.6307194232940674 0.2821055054664612 525.0 inf
datasets/7scenes/office/seq-04/frame-000201.color.png 0.8799616746057795 0.15208339070991864 -0.4421744176184093 -0.08378471160651631 0.9522489905357361 1.0957369804382324 -0.39302343130111694 525.0 inf
datasets/7scenes/office/seq-04/frame-000481.color.png 0.7467901512842797 0.19067919673509684 0.5986813569526714 0.21800584101020992 -0.6528764963150024 1.0535128116607666 -0.27183523774147034 525.0 inf
datasets/7scenes/office/seq-04/frame-000321.color.png 0.9706637095360545 0.2232095180395679 0.05873056245175363 0.06738096971957681 0.521430253982544 1.4645874500274658 -0.7970260381698608 525.0 inf
datasets/7scenes/office/seq-04/frame-000801.color.png 0.970494716663793 0.23881520649161755 0.02279955112949794 -0.024238039201300583 0.4980739653110504 1.6536478996276855 -1.2761952877044678 525.0 inf
datasets/7scenes/office/seq-04/frame-000641.color.png 0.962474527625143 0.07478855968411004 0.26061403892145624 0.011392002904665419 0.34258800745010376 1.2652570009231567 -1.8980858325958252 525.0 inf
datasets/7scenes/office/seq-04/frame-000021.color.png 0.7868453160457989 0.15655403008208804 -0.5770907228486308 -0.15274679009356762 0.7769791483879089 0.29659366607666016 0.5890178680419922 525.0 inf
datasets/7scenes/office/seq-04/frame-000921.color.png 0.992387494139624 0.12305719453293658 0.00424646153311269 0.0024404740130802532 -0.2964108884334564 0.8354525566101074 -0.9990224838256836 525.0 inf
datasets/7scenes/office/seq-04/frame-000271.color.png 0.9476590338843253 0.1916576529524161 -0.248448231878899 -0.059018434733964634 1.4638826847076416 1.0677943229675293 -0.21726003289222717 525.0 inf
datasets/7scenes/office/seq-04/frame-000361.color.png 0.9180550693701746 0.16601288309358012 0.31578569248796373 0.17289883941362497 -0.6429612636566162 1.3330674171447754 -0.9892591834068298 525.0 inf
datasets/7scenes/office/seq-04/frame-000791.color.png 0.9703569608898084 0.2397710005996605 0.029151074199967174 -0.008212831248752665 0.4710886776447296 1.7073428630828857 -1.3147320747375488 525.0 inf
datasets/7scenes/office/seq-04/frame-000541.color.png 0.8482265373815765 0.23101578510416124 0.45276942362082445 0.14880624095929462 0.005011085420846939 1.6466190814971924 -0.7902124524116516 525.0 inf
datasets/7scenes/office/seq-04/frame-000181.color.png 0.8527993625696682 0.14975110192334093 -0.49324083925137846 -0.08379337186262827 0.8799806833267212 1.1546272039413452 -0.5757906436920166 525.0 inf
datasets/7scenes/office/seq-04/frame-000111.color.png 0.7560729746463536 0.163669409822401 -0.6102650553706138 -0.1707118727309351 0.6035876274108887 1.0955121517181396 -0.48328861594200134 525.0 inf
datasets/7scenes/office/seq-04/frame-000691.color.png 0.9587966567758044 0.07435111245581437 0.2733726692025656 0.021172311285921643 -0.0030441908165812492 1.334160327911377 -2.3347251415252686 525.0 inf
datasets/7scenes/office/seq-04/frame-000571.color.png 0.9210849967685889 0.19992435798083752 0.3272036393274493 0.06760516418611076 0.47828367352485657 1.5525939464569092 -0.9453266263008118 525.0 inf
datasets/7scenes/office/seq-04/frame-000291.color.png 0.9682548382521609 0.21138851206710135 -0.13104918838109433 -0.0249714915853125 1.306870937347412 1.2725186347961426 -0.5503584146499634 525.0 inf
datasets/7scenes/office/seq-04/frame-000741.color.png 0.9840964212993063 0.16058936111957334 0.07513594686242897 0.010948980326587402 0.6952401399612427 1.5631753206253052 -1.775126576423645 525.0 inf
datasets/7scenes/office/seq-04/frame-000911.color.png 0.9904522369813883 0.1360470022330073 -0.019029767403898622 -0.011551943322638999 -0.16939318180084229 0.922688901424408 -1.0146048069000244 525.0 inf
datasets/7scenes/office/seq-04/frame-000491.color.png 0.7563354169346502 0.20885636457918225 0.5784802996600868 0.2229266672478474 -0.6029524803161621 1.184195876121521 -0.3763718008995056 525.0 inf
datasets/7scenes/office/seq-04/frame-000721.color.png 0.9850090942573403 0.10934317069761856 0.13227393161243092 0.017457441619993415 0.5440444946289062 1.4434458017349243 -2.066401243209839 525.0 inf
datasets/7scenes/office/seq-04/frame-000261.color.png 0.9414272716302056 0.19058599460980888 -0.27260588314943307 -0.05547705256963979 1.388150691986084 1.0818485021591187 -0.16291725635528564 525.0 inf
datasets/7scenes/office/seq-04/frame-000991.color.png 0.9940544722743676 0.09689050289979297 -0.029312412566486666 -0.04010884028098853 -0.6072338819503784 0.3611273765563965 -1.1226532459259033 525.0 inf
datasets/7scenes/office/seq-04/frame-000351.color.png 0.9355095981276108 0.19564642340957183 0.24583400469638833 0.1615856149324403 -0.3813494145870209 1.435721755027771 -0.9820245504379272 525.0 inf
datasets/7scenes/office/seq-04/frame-000411.color.png 0.7615312132407848 0.11452183940415998 0.5976335795132138 0.22313463244805648 -1.236651062965393 0.7181283235549927 -0.07332771271467209 525.0 inf
datasets/7scenes/office/seq-04/frame-000781.color.png 0.9732035564593906 0.22616994838756782 0.04147525283104983 -0.0013399790144465482 0.4761049449443817 1.7006685733795166 -1.4186092615127563 525.0 inf
datasets/7scenes/office/seq-04/frame-000901.color.png 0.9863877210108632 0.1629770911099522 -0.01816836132529894 -0.012150813103950171 -0.12253960967063904 1.0834134817123413 -1.0539624691009521 525.0 inf
datasets/7scenes/office/seq-04/frame-000151.color.png 0.8514984805300331 0.15753990135713078 -0.49004109068313384 -0.09995622330558038 0.5543068051338196 1.2321797609329224 -0.8260003328323364 525.0 inf
datasets/7scenes/office/seq-04/frame-000831.color.png 0.9696907584699801 0.23804211453347837 -0.03307959026635886 -0.04406274337980912 0.5858768224716187 1.4577993154525757 -0.9742177128791809 525.0 inf
datasets/7scenes/office/seq-04/frame-000551.color.png 0.8733457130114813 0.22521943417539492 0.41193775525293513 0.12981046888196332 0.18173852562904358 1.6406279802322388 -0.8548169732093811 525.0 inf
datasets/7scenes/office/seq-04/frame-000811.color.png 0.9722858607129936 0.23033950757513527 0.004124011247804622 -0.03983602438579239 0.5476191639900208 1.5753204822540283 -1.2213009595870972 525.0 inf
datasets/7scenes/office/seq-04/frame-000861.color.png 0.9690119907744265 0.23089774205340868 -0.06796311551096831 -0.05552485371492004 0.4473922550678253 1.3363004922866821 -0.8672823309898376 525.0 inf
datasets/7scenes/office/seq-04/frame-000671.color.png 0.9483772558053698 0.06031767172237212 0.31036964492025126 0.02475969832500952 -0.057064466178417206 1.2583998441696167 -2.291400671005249 525.0 inf
datasets/7scenes/office/seq-04/frame-000311.color.png 0.9733769328132732 0.2247416115983838 -0.0011808888898159578 0.04502399565360515 0.7722579836845398 1.4519097805023193 -0.7208022475242615 525.0 inf
datasets/7scenes/office/seq-04/frame-000041.color.png 0.7674748320747903 0.19346435554816868 -0.5822030831412709 -0.18599326666549681 0.7974271774291992 0.5028193593025208 0.3958081305027008 525.0 inf
datasets/7scenes/office/seq-04/frame-000881.color.png 0.9786946328875207 0.20150098318630502 -0.029625077256163874 -0.02601007746393291 0.033358097076416016 1.251186490058899 -1.024807333946228 525.0 inf
datasets/7scenes/office/seq-04/frame-000421.color.png 0.769084941655496 0.1284436079887572 0.5873885508845957 0.2167608875588202 -1.1056785583496094 0.6751473546028137 -0.010106596164405346 525.0 inf
datasets/7scenes/office/seq-04/frame-000171.color.png 0.8474862600342705 0.1416332050472465 -0.5046401820843335 -0.08393664817622971 0.8369937539100647 1.184108018875122 -0.6939860582351685 525.0 inf
datasets/7scenes/office/seq-04/frame-000531.color.png 0.8117206112991159 0.23280220799241136 0.5045682299927801 0.17978788176070382 -0.2481384128332138 1.6044650077819824 -0.6847468614578247 525.0 inf
datasets/7scenes/office/seq-04/frame-000161.color.png 0.8444497305895051 0.1469877989255395 -0.5045180249508672 -0.10373428543164258 0.742139458656311 1.2015397548675537 -0.7624921798706055 525.0 inf
datasets/7scenes/office/seq-04/frame-000301.color.png 0.9735267747708959 0.2194770876101577 -0.06337467971520569 0.007686142682496474 1.024916172027588 1.3750765323638916 -0.6615245342254639 525.0 inf
datasets/7scenes/office/seq-04/frame-000891.color.png 0.9819015925558717 0.18750942539959134 -0.0162594410331127 -0.021097594646041617 -0.08267075568437576 1.1849071979522705 -1.042284369468689 525.0 inf
datasets/7scenes/office/seq-04/frame-000131.color.png 0.8303915013916907 0.17275242799080137 -0.5184059337275053 -0.10891207883357068 0.372577965259552 1.2508456707000732 -0.8041787147521973 525.0 inf
datasets/7scenes/office/seq-04/frame-000631.color.png 0.9667219123934641 0.07353603275974005 0.24501717888923974 0.0027889125909953574 0.39831236004829407 1.2191557884216309 -1.7670061588287354 525.0 inf
datasets/7scenes/office/seq-04/frame-000251.color.png 0.9317876043975761 0.18705651106017646 -0.3034772839128681 -0.06843434890381171 1.3379980325698853 1.028244972229004 -0.10557587444782257 525.0 inf
datasets/7scenes/office/seq-04/frame-000341.color.png 0.9539013054654275 0.21026661408560046 0.17228132622611336 0.12719825103397434 -0.019647877663373947 1.4738218784332275 -0.9456871747970581 525.0 inf
datasets/7scenes/office/seq-04/frame-000561.color.png 0.898283052456748 0.2148722144950593 0.37087774513998123 0.09678423046581416 0.3574262261390686 1.601076602935791 -0.916888952255249 525.0 inf
datasets/7scenes/office/seq-04/frame-000621.color.png 0.9624778962048494 0.09535741277035899 0.25387313471832307 0.009575730526852186 0.34992364048957825 1.2780311107635498 -1.5550625324249268 525.0 inf
datasets/7scenes/office/seq-04/frame-000761.color.png 0.9779321643778706 0.19966847625082115 0.061379278310110336 0.0037102103739335207 0.575922429561615 1.6522949934005737 -1.605279564857483 525.0 inf
datasets/7scenes/office/seq-04/frame-000191.color.png 0.8664596220370877 0.15672979279257795 -0.46579874840451513 -0.0878351946279511 0.9263578653335571 1.1190451383590698 -0.46252021193504333 525.0 inf
datasets/7scenes/office/seq-04/frame-000211.color.png 0.8859199774461775 0.16208080509442438 -0.4270555573051538 -0.08061735021998775 1.017557978630066 1.0647196769714355 -0.27141761779785156 525.0 inf
datasets/7scenes/office/seq-04/frame-000381.color.png 0.8324699164260073 0.1254045785745597 0.49145711181344254 0.2230189166106833 -1.2747308015823364 0.9459678530693054 -0.5472065806388855 525.0 inf
datasets/7scenes/office/seq-04/frame-000971.color.png 0.9954054292938271 0.09355145823891814 -0.012887948443173192 -0.01581318369810299 -0.5800566077232361 0.4561452865600586 -1.0827558040618896 525.0 inf
datasets/7scenes/office/seq-04/frame-000651.color.png 0.9561709546519694 0.07398836754739475 0.2826212477597703 0.01969916907698438 0.22681093215942383 1.2477548122406006 -2.042978048324585 525.0 inf
datasets/7scenes/office/seq-04/frame-000081.color.png 0.7127425570475042 0.1707565089344165 -0.6429903350962864 -0.22226941085691737 0.5606639385223389 0.7929514050483704 0.036778658628463745 525.0 inf
datasets/7scenes/office/seq-04/frame-000581.color.png 0.9340411966255218 0.18190418987137674 0.3043024826245319 0.04333483335779598 0.5080683827400208 1.4896626472473145 -1.0129164457321167 525.0 inf
datasets/7scenes/office/seq-04/frame-000221.color.png 0.8919631301950307 0.1742224280145187 -0.4068271205086034 -0.09241219599212482 1.1031808853149414 1.0328714847564697 -0.16553537547588348 525.0 inf
datasets/7scenes/office/seq-04/frame-000871.color.png 0.9740558721128051 0.21592311046619866 -0.052816519109208 -0.042459200161463914 0.2444823682308197 1.3096599578857422 -0.9563608169555664 525.0 inf
datasets/7scenes/office/seq-04/frame-000681.color.png 0.9502440575068216 0.06109105771136134 0.304249866858256 0.027131759202325856 -0.11208966374397278 1.2668166160583496 -2.3472776412963867 525.0 inf
datasets/7scenes/office/seq-04/frame-000331.color.png 0.9638299464341968 0.21931039591683077 0.1142739583445085 0.09937930893165625 0.2571987807750702 1.482938289642334 -0.8601329326629639 525.0 inf
datasets/7scenes/office/seq-04/frame-000851.color.png 0.9666555353193258 0.23994398613242435 -0.06946881483071535 -0.0563741369903471 0.5598377585411072 1.3645977973937988 -0.8312896490097046 525.0 inf
datasets/7scenes/office/seq-04/frame-000521.color.png 0.7797285669600489 0.23131637064948085 0.5401340413767157 0.21626677017525522 -0.45445868372917175 1.5343903303146362 -0.5561378002166748 525.0 inf
datasets/7scenes/office/seq-04/frame-000751.color.png 0.9803236049175299 0.18502509201796893 0.06811782616473504 0.009555455187056769 0.6470968723297119 1.627655267715454 -1.678701639175415 525.0 inf
datasets/7scenes/office/seq-04/frame-000701.color.png 0.9704511633578143 0.07709360930025241 0.2279896206726416 0.017373767814430372 0.15761753916740417 1.3327281475067139 -2.313915491104126 525.0 inf
datasets/7scenes/office/seq-04/frame-000961.color.png 0.9958537012028876 0.09055769310244305 0.00854389710184178 -0.0013083741003870068 -0.5948452949523926 0.505355179309845 -1.0514158010482788 525.0 inf
datasets/7scenes/office/seq-04/frame-000071.color.png 0.7207517058799867 0.17364004266085128 -0.6336710434166039 -0.2209686013693787 0.5697100162506104 0.6723877787590027 0.17427211999893188 525.0 inf
datasets/7scenes/office/seq-04/frame-000471.color.png 0.7342866021742895 0.18124428430113698 0.6141880544462536 0.22527034658612183 -0.7248028516769409 0.9113501906394958 -0.1670549213886261 525.0 inf
datasets/7scenes/office/seq-04/frame-000051.color.png 0.7526619739855257 0.18724473799206615 -0.5997609527849806 -0.19678963520710807 0.7083983421325684 0.5926302671432495 0.328879177570343 525.0 inf
datasets/7scenes/office/seq-04/frame-000941.color.png 0.9953466941904465 0.08491398932103007 0.0438010397952329 0.012491665004882609 -0.5614282488822937 0.6258711814880371 -1.0134187936782837 525.0 inf
datasets/7scenes/office/seq-04/frame-000141.color.png 0.8536442340313867 0.17033176870196165 -0.4837052798875114 -0.09114720228714025 0.35295891761779785 1.245444655418396 -0.847306489944458 525.0 inf
datasets/7scenes/office/seq-04/frame-000931.color.png 0.9944529506843206 0.09994397863008822 0.029052365656857593 0.015181899109693793 -0.4508819580078125 0.7421223521232605 -1.008994221687317 525.0 inf
datasets/7scenes/office/seq-04/frame-000121.color.png 0.7887786974737552 0.16738963023144626 -0.5738315354994874 -0.14326983970426677 0.5041160583496094 1.169655442237854 -0.6541872620582581 525.0 inf
datasets/7scenes/office/seq-04/frame-000091.color.png 0.7136326315113173 0.1613326107203567 -0.6493125052870027 -0.2075898033100437 0.5924744606018066 0.9039747714996338 -0.13853223621845245 525.0 inf
datasets/7scenes/office/seq-04/frame-000841.color.png 0.9666243283306438 0.24680175959956754 -0.049778966373478346 -0.047416809726901064 0.5714911818504333 1.4206184148788452 -0.8721795082092285 525.0 inf
datasets/7scenes/office/seq-04/frame-000391.color.png 0.7971162122806639 0.12059012987452465 0.5441805126299746 0.23223120886295848 -1.3675843477249146 0.8337635397911072 -0.2930656671524048 525.0 inf
datasets/7scenes/office/seq-04/frame-000771.color.png 0.9766136239770632 0.20806849808421757 0.054160036852353724 -0.00014133476870756195 0.5224775075912476 1.6667766571044922 -1.5396993160247803 525.0 inf
datasets/7scenes/office/seq-04/frame-000461.color.png 0.7119902422801833 0.1772833702783288 0.6345775315116784 0.24280003711101023 -0.8372410535812378 0.7343184947967529 -0.00013208389282226562 525.0 inf
datasets/7scenes/office/seq-04/frame-000591.color.png 0.9460438754756898 0.15144401833176538 0.2852300350705611 0.026636855672394284 0.43993961811065674 1.4302983283996582 -1.1012213230133057 525.0 inf
datasets/7scenes/office/seq-04/frame-000031.color.png 0.7729901280894279 0.20007767639422916 -0.5766071627796042 -0.1731455027317513 0.7945089340209961 0.37813642621040344 0.4819366931915283 525.0 inf
datasets/7scenes/office/seq-04/frame-000431.color.png 0.7601043579845131 0.1573765603501508 0.5873979287611634 0.2289926996923739 -1.0363935232162476 0.6514734029769897 0.08526169508695602 525.0 inf
datasets/7scenes/office/seq-04/frame-000011.color.png 0.8119167183368408 0.12412886170539451 -0.5559286174197873 -0.12777574304453 0.7970566153526306 0.29599839448928833 0.6686750054359436 525.0 inf
datasets/7scenes/office/seq-04/frame-000401.color.png 0.7743969705148701 0.11127817542475203 0.5805095543344859 0.22568818546371908 -1.33383047580719 0.7664485573768616 -0.17010919749736786 525.0 inf
datasets/7scenes/office/seq-04/frame-000951.color.png 0.9957846082805524 0.08735224502086097 0.02767768605859152 0.004067541739716948 -0.5869007706642151 0.5647183060646057 -1.0237698554992676 525.0 inf
datasets/7scenes/office/seq-04/frame-000101.color.png 0.727028385369594 0.15943711189937004 -0.6397409107137237 -0.1916796843049466 0.6258437633514404 0.9832064509391785 -0.3106153607368469 525.0 inf
datasets/7scenes/office/seq-04/frame-000001.color.png 0.8165121134442844 0.09399040431634484 -0.5551795850681606 -0.1274731376359085 0.7980971336364746 0.3043406307697296 0.6880285739898682 525.0 inf
datasets/7scenes/office/seq-04/frame-000731.color.png 0.9863039285768106 0.13251881057661005 0.09721602929337239 0.013869713974711836 0.6585654616355896 1.4990088939666748 -1.9215627908706665 525.0 inf
datasets/7scenes/office/seq-04/frame-000241.color.png 0.9168150993207643 0.18464474568546185 -0.3466279904850433 -0.07214865044135618 1.2465407848358154 1.0185540914535522 -0.04686854034662247 525.0 inf
datasets/7scenes/office/seq-04/frame-000981.color.png 0.9940182446567252 0.09757480849693484 -0.03924193537137438 -0.029444125809035108 -0.5662845373153687 0.4137824773788452 -1.1184202432632446 525.0 inf
datasets/7scenes/office/seq-04/frame-000231.color.png 0.8971002678666166 0.1751059668632353 -0.39742549577359915 -0.08125260039928109 1.185478687286377 1.023982048034668 -0.06405430287122726 525.0 inf
datasets/7scenes/office/seq-04/frame-000451.color.png 0.7095602411609344 0.17327289620902675 0.6362317012651946 0.2484149550815501 -0.9375749230384827 0.5914583802223206 0.12370573729276657 525.0 inf
datasets/7scenes/office/seq-04/frame-000711.color.png 0.9793591319610738 0.08988260182007014 0.1804549246180427 0.014588650232397485 0.35021936893463135 1.3844809532165527 -2.218693494796753 525.0 inf
datasets/7scenes/office/seq-04/frame-000601.color.png 0.9529284050504133 0.12347119735896765 0.2762126251409248 0.019720648660154952 0.3473215699195862 1.3428531885147095 -1.2190989255905151 525.0 inf
datasets/7scenes/office/seq-04/frame-000611.color.png 0.958548708485015 0.10930953279031384 0.2624001360436822 0.019544004378070814 0.31233617663383484 1.3110758066177368 -1.3637282848358154 525.0 inf
datasets/7scenes/office/seq-04/frame-000441.color.png 0.7246514129612546 0.17125737541359085 0.6218013006620137 0.24272285338371818 -0.9767150282859802 0.5817045569419861 0.1627618968486786 525.0 inf
datasets/7scenes/office/seq-04/frame-000661.color.png 0.9495741398410744 0.06440178493915162 0.30580421574482336 0.025399698313729582 0.03424104303121567 1.2426061630249023 -2.194895029067993 525.0 inf
datasets/7scenes/office/seq-04/frame-000501.color.png 0.7615227979543 0.2190136656159999 0.5664957973754166 0.22627097477424807 -0.5638527870178223 1.3380507230758667 -0.4495657682418823 525.0 inf
datasets/7scenes/office/seq-04/frame-000821.color.png 0.9736288832761563 0.2236444531762604 -0.018706665677379535 -0.04098800889469081 0.5908336639404297 1.4965083599090576 -1.1256771087646484 525.0 inf
datasets/7scenes/office/seq-04/frame-000511.color.png 0.762162586229371 0.22860476230422586 0.5614694808624354 0.22715650301950907 -0.5419130325317383 1.45985746383667 -0.4688214659690857 525.0 inf
datasets/7scenes/office/seq-04/frame-000281.color.png 0.9572264120460287 0.204855655274492 -0.19682244340317862 -0.05488790719591606 1.4562288522720337 1.15178382396698 -0.35759347677230835 525.0 inf
datasets/7scenes/office/seq-04/frame-000371.color.png 0.8806351890832735 0.13886521690458387 0.4096124780598648 0.19343146874272246 -0.9959702491760254 1.1415116786956787 -0.8463212251663208 525.0 inf
